1 ?Setup ended.
172 0.09 0.02 9.51 9.51
324 0.18 0.08 9.69 9.69
180 0.10 0.06 9.60 9.60
432 0.24 0.00 9.56 9.56
244 0.13 -0.01 9.56 9.56
336 0.18 0.02 9.60 9.60
248 0.14 0.03 9.64 9.64
232 0.13 -0.02 9.61 9.61
264 0.14 0.01 9.63 9.63
288 0.16 0.03 9.61 9.61
248 0.14 0.08 9.58 9.58
252 0.14 0.02 9.64 9.64
176 0.10 0.01 9.60 9.60
172 0.09 0.05 9.59 9.59
168 0.09 0.05 9.62 9.63
248 0.14 -0.03 9.53 9.53
228 0.12 -0.03 9.66 9.66
340 0.19 0.03 9.56 9.57
280 0.15 -0.01 9.64 9.64
200 0.11 0.02 9.56 9.56
200 0.11 -0.03 9.61 9.61
260 0.14 -0.00 9.59 9.59
256 0.14 0.01 9.66 9.66
316 0.17 0.01 9.60 9.60
224 0.12 0.06 9.53 9.53
268 0.15 0.06 9.58 9.58
280 0.15 0.03 9.69 9.69
304 0.17 0.00 9.61 9.61
208 0.11 0.05 9.59 9.59
268 0.15 -0.01 9.56 9.56
308 0.17 -0.03 9.69 9.69
236 0.13 0.04 9.64 9.65
160 0.09 0.03 9.54 9.54
264 0.14 0.01 9.68 9.68
276 0.15 0.01 9.55 9.55
252 0.14 0.03 9.60 9.60
252 0.14 0.01 9.66 9.66
388 0.21 -0.01 9.59 9.59
236 0.13 0.03 9.68 9.68
228 0.12 -0.02 9.63 9.63
336 0.18 -0.01 9.60 9.60
176 0.10 -0.01 9.60 9.60
188 0.10 -0.02 9.57 9.58
260 0.14 -0.02 9.57 9.57
284 0.15 -0.00 9.56 9.56
216 0.12 0.00 9.63 9.63
224 0.12 0.06 9.57 9.57
260 0.14 -0.00 9.59 9.59
224 0.12 0.04 9.54 9.55
332 0.18 0.04 9.56 9.56
156 0.09 -0.01 9.60 9.60
256 0.14 -0.01 9.63 9.63
332 0.18 0.02 9.66 9.66
296 0.16 0.00 9.62 9.62
248 0.14 0.02 9.62 9.62
348 0.19 -0.05 9.59 9.59
256 0.14 0.00 9.63 9.63
204 0.11 0.07 9.63 9.63
244 0.13 -0.03 9.62 9.62
268 0.15 0.06 9.59 9.59
216 0.12 0.03 9.61 9.61
220 0.12 0.01 9.64 9.64
224 0.12 -0.02 9.66 9.66
240 0.13 0.00 9.51 9.51
184 0.10 0.03 9.53 9.53
292 0.16 0.05 9.64 9.64
256 0.14 -0.00 9.61 9.61
280 0.15 -0.01 9.62 9.62
264 0.14 0.04 9.64 9.64
296 0.16 0.01 9.59 9.59
284 0.15 0.03 9.50 9.50
232 0.13 0.02 9.61 9.61
280 0.15 0.00 9.62 9.62
276 0.15 -0.00 9.57 9.58
236 0.13 -0.05 9.57 9.57
284 0.15 0.02 9.63 9.63
192 0.10 -0.00 9.65 9.65
276 0.15 0.00 9.62 9.62
332 0.18 -0.01 9.60 9.60
308 0.17 0.00 9.65 9.65
264 0.14 0.02 9.57 9.57
316 0.17 -0.03 9.61 9.61
308 0.17 -0.03 9.66 9.66
352 0.19 -0.01 9.64 9.64
256 0.14 -0.02 9.63 9.63
188 0.10 0.03 9.68 9.68
228 0.12 0.02 9.60 9.60
296 0.16 0.03 9.64 9.64
280 0.15 0.02 9.64 9.64
296 0.16 0.01 9.60 9.60
356 0.19 -0.03 9.57 9.57
284 0.15 0.02 9.56 9.57
240 0.13 0.00 9.62 9.62
208 0.11 -0.01 9.59 9.59
228 0.12 0.01 9.53 9.53
244 0.13 -0.01 9.56 9.56
208 0.11 0.02 9.57 9.57
268 0.15 -0.06 9.57 9.57
324 0.18 -0.00 9.59 9.59
284 0.15 -0.05 9.69 9.69
312 0.17 -0.05 9.68 9.68
224 0.12 0.04 9.58 9.58
260 0.14 0.03 9.67 9.67
292 0.16 0.01 9.61 9.61
276 0.15 0.01 9.66 9.66
204 0.11 -0.04 9.60 9.60
284 0.15 0.00 9.54 9.54
328 0.18 -0.01 9.62 9.62
156 0.09 0.01 9.61 9.61
252 0.14 -0.00 9.58 9.58
184 0.10 -0.02 9.61 9.61
328 0.18 0.01 9.62 9.62
236 0.13 0.03 9.67 9.67
264 0.14 -0.04 9.57 9.57
340 0.19 0.02 9.65 9.65
340 0.19 0.06 9.59 9.59
288 0.16 -0.00 9.65 9.65
284 0.15 0.01 9.59 9.59
244 0.13 0.02 9.64 9.64
368 0.20 0.07 9.63 9.64
284 0.15 0.00 9.56 9.56
288 0.16 0.03 9.61 9.61
276 0.15 0.02 9.65 9.65
244 0.13 0.01 9.63 9.63
276 0.15 -0.02 9.61 9.62
288 0.16 0.02 9.53 9.53
392 0.21 0.05 9.61 9.61
272 0.15 -0.05 9.62 9.63
388 0.21 -0.03 9.60 9.61
192 0.10 -0.03 9.59 9.59
320 0.17 -0.02 9.62 9.62
252 0.14 0.05 9.65 9.65
308 0.17 0.01 9.63 9.63
308 0.17 -0.02 9.59 9.59
252 0.14 0.02 9.71 9.71
280 0.15 0.01 9.64 9.64
336 0.18 -0.03 9.59 9.59
396 0.22 -0.02 9.67 9.67
268 0.15 -0.02 9.64 9.64
252 0.14 0.02 9.66 9.66
232 0.13 0.00 9.59 9.59
180 0.10 -0.01 9.65 9.65
308 0.17 0.03 9.57 9.57
164 0.09 0.00 9.65 9.65
372 0.20 0.03 9.66 9.67
344 0.19 0.00 9.66 9.66
292 0.16 0.01 9.60 9.60
304 0.17 -0.02 9.61 9.61
200 0.11 -0.01 9.61 9.61
232 0.13 -0.03 9.64 9.64
308 0.17 0.03 9.64 9.64
284 0.15 0.08 9.60 9.60
260 0.14 0.02 9.65 9.65
256 0.14 0.02 9.58 9.58
356 0.19 -0.02 9.58 9.58
304 0.17 0.03 9.61 9.62
368 0.20 0.00 9.57 9.57
804 0.44 -0.03 9.55 9.56
132 0.07 0.01 9.63 9.63
260 0.14 -0.01 9.71 9.71
176 0.10 0.02 9.65 9.65
296 0.16 0.00 9.57 9.57
244 0.13 0.05 9.62 9.62
232 0.13 -0.04 9.60 9.60
188 0.10 -0.02 9.62 9.62
316 0.17 -0.03 9.61 9.62
240 0.13 -0.02 9.62 9.62
328 0.18 0.00 9.61 9.61
256 0.14 0.01 9.55 9.55
304 0.17 -0.01 9.61 9.61
252 0.14 0.01 9.55 9.55
216 0.12 0.03 9.65 9.65
212 0.12 0.06 9.56 9.56
268 0.15 0.07 9.60 9.60
220 0.12 0.00 9.59 9.60
256 0.14 0.01 9.55 9.55
248 0.14 0.02 9.54 9.55
276 0.15 0.04 9.67 9.67
244 0.13 -0.02 9.59 9.59
240 0.13 0.02 9.60 9.60
252 0.14 0.04 9.53 9.53
280 0.15 0.02 9.62 9.63
244 0.13 -0.06 9.70 9.70
324 0.18 -0.06 9.61 9.61
252 0.14 0.02 9.62 9.62
324 0.18 -0.03 9.59 9.60
296 0.16 0.03 9.63 9.63
312 0.17 0.01 9.62 9.62
208 0.11 0.02 9.56 9.56
348 0.19 0.03 9.59 9.59
300 0.16 0.03 9.62 9.63
272 0.15 0.01 9.66 9.66
240 0.13 0.02 9.68 9.68
264 0.14 -0.07 9.71 9.71
300 0.16 0.01 9.49 9.49
276 0.15 0.01 9.57 9.57
284 0.15 0.03 9.58 9.58
324 0.18 0.02 9.63 9.63
248 0.14 0.03 9.62 9.62
296 0.16 0.02 9.68 9.69
380 0.21 -0.04 9.64 9.64
248 0.14 0.04 9.62 9.63
260 0.14 0.00 9.59 9.59
256 0.14 0.01 9.59 9.59
260 0.14 0.07 9.64 9.64
308 0.17 -0.02 9.59 9.60
220 0.12 -0.03 9.59 9.60
236 0.13 -0.01 9.55 9.55
268 0.15 0.03 9.52 9.52
296 0.16 -0.06 9.69 9.69
300 0.16 0.01 9.63 9.63
236 0.13 0.02 9.64 9.64
216 0.12 0.06 9.66 9.66
352 0.19 0.02 9.53 9.53
308 0.17 0.00 9.62 9.62
284 0.15 0.00 9.60 9.60
212 0.12 0.03 9.57 9.58
308 0.17 0.01 9.71 9.71
268 0.15 0.02 9.61 9.61
348 0.19 0.02 9.58 9.59
244 0.13 -0.02 9.65 9.65
316 0.17 -0.03 9.66 9.66
296 0.16 0.12 9.60 9.60
204 0.11 0.06 9.65 9.65
-8 -0.00 -0.04 9.64 9.64
48 0.03 0.11 9.58 9.58
516 0.28 0.01 9.59 9.59
160 0.09 -0.08 9.64 9.64
212 0.12 0.07 9.66 9.66
316 0.17 -0.01 9.65 9.65
208 0.11 -0.04 9.66 9.66
176 0.10 0.07 9.57 9.57
276 0.15 -0.05 9.65 9.65
392 0.21 0.08 9.62 9.62
280 0.15 0.03 9.69 9.70
264 0.14 0.05 9.60 9.60
232 0.13 -0.04 9.69 9.69
144 0.08 0.07 9.62 9.62
288 0.16 -0.02 9.59 9.59
172 0.09 0.00 9.55 9.55
108 0.06 0.03 9.60 9.60
248 0.14 0.01 9.57 9.57
280 0.15 -0.01 9.60 9.60
316 0.17 -0.01 9.61 9.62
296 0.16 -0.01 9.60 9.60
176 0.10 -0.03 9.67 9.67
284 0.15 0.01 9.67 9.67
164 0.09 0.02 9.61 9.61
1092 0.60 0.20 9.13 9.15
-2220 -1.21 -1.82 9.80 10.04
-1416 -0.77 -0.24 8.31 8.34
108 0.06 4.06 15.07 15.60
-412 -0.22 -0.04 9.10 9.11
148 0.08 0.12 9.47 9.47
56 0.03 0.09 9.43 9.43
16 0.01 0.14 9.40 9.40
260 0.14 0.02 9.73 9.73
248 0.14 0.04 9.63 9.63
180 0.10 0.04 9.57 9.57
316 0.17 0.08 9.56 9.56
260 0.14 0.04 9.58 9.58
216 0.12 0.01 9.62 9.63
452 0.25 -0.06 9.65 9.65
1576 0.86 -0.29 9.54 9.59
-3596 -1.96 -0.46 8.89 9.12
1572 0.86 0.24 10.39 10.43
3584 1.95 -1.08 9.81 10.06
984 0.54 0.09 10.75 10.77
468 0.26 0.51 10.48 10.50
228 0.12 0.41 9.70 9.71
-268 -0.15 0.42 9.49 9.50
1044 0.57 0.95 9.35 9.41
452 0.25 1.37 9.20 9.30
-116 -0.06 1.61 9.89 10.02
1040 0.57 1.65 9.00 9.17
2248 1.23 1.89 8.96 9.23
484 0.26 2.44 8.53 8.87
-1876 -1.02 2.41 9.53 9.88
316 0.17 2.51 9.78 10.10
1596 0.87 2.08 10.73 10.97
856 0.47 2.55 10.56 10.88
-92 -0.05 2.98 9.79 10.23
-300 -0.16 3.74 8.49 9.28
-980 -0.53 4.12 6.53 7.74
-440 -0.24 5.14 7.30 8.93
752 0.41 5.05 6.52 8.26
952 0.52 5.03 7.84 9.33
1580 0.86 5.08 7.79 9.34
868 0.47 5.38 7.26 9.05
-288 -0.16 5.28 6.38 8.29
108 0.06 5.84 6.23 8.54
-352 -0.19 5.16 6.47 8.28
-460 -0.25 5.72 6.92 8.99
2952 1.61 4.67 7.57 9.04
1040 0.57 4.82 8.56 9.84
2292 1.25 5.62 8.28 10.09
2324 1.27 3.75 7.33 8.33
-836 -0.46 4.36 9.45 10.41
-1272 -0.69 3.45 10.01 10.61
548 0.30 4.16 10.05 10.88
1656 0.90 5.13 9.53 10.86
20 0.01 2.06 9.34 9.56
-640 -0.35 2.17 8.25 8.53
-2916 -1.59 2.16 8.42 8.84
856 0.47 2.14 9.35 9.60
-236 -0.13 2.54 9.68 10.00
-1416 -0.77 4.00 10.41 11.18
1472 0.80 2.39 9.15 9.49
2220 1.21 1.32 8.07 8.27
-40 -0.02 2.92 11.79 12.15
1532 0.84 2.67 9.26 9.67
17036 9.29 -0.34 6.83 11.54
1560 0.85 1.07 2.23 2.62
2932 1.60 0.87 5.36 5.66
2196 1.20 1.04 11.25 11.36
-3944 -2.15 1.08 11.17 11.42
1844 1.01 1.41 7.18 7.38
2504 1.37 0.48 9.78 9.89
3220 1.76 0.19 8.09 8.28
1584 0.86 1.41 7.56 7.74
-5564 -3.03 2.04 17.87 18.24
2364 1.29 -0.84 7.42 7.57
1032 0.56 -1.88 7.46 7.72
-5716 -3.12 0.39 14.76 15.09
476 0.26 -0.59 9.91 9.94
424 0.23 -0.02 9.51 9.51
140 0.08 0.09 9.70 9.70
320 0.17 0.05 9.60 9.60
180 0.10 0.03 9.54 9.54
320 0.17 0.04 9.57 9.57
244 0.13 -0.04 9.57 9.57
172 0.09 -0.03 9.64 9.64
276 0.15 0.04 9.62 9.62
244 0.13 0.02 9.61 9.61
220 0.12 0.08 9.57 9.58
224 0.12 0.02 9.63 9.63
192 0.10 0.02 9.62 9.62
236 0.13 0.08 9.58 9.58
168 0.09 0.03 9.63 9.63
196 0.11 0.09 9.56 9.56
392 0.21 0.07 9.63 9.63
108 0.06 0.03 9.66 9.66
256 0.14 0.04 9.56 9.56
180 0.10 0.00 9.54 9.54
208 0.11 0.01 9.59 9.59
248 0.14 0.03 9.60 9.60
252 0.14 0.04 9.56 9.56
204 0.11 -0.01 9.54 9.54
188 0.10 0.06 9.50 9.50
212 0.12 0.06 9.66 9.66
192 0.10 0.01 9.60 9.60
236 0.13 0.05 9.67 9.67
188 0.10 0.07 9.61 9.61
264 0.14 0.03 9.59 9.59
208 0.11 0.00 9.62 9.62
316 0.17 0.04 9.62 9.62
256 0.14 0.07 9.65 9.65
224 0.12 0.04 9.64 9.64
284 0.15 0.04 9.54 9.54
276 0.15 -0.01 9.56 9.56
176 0.10 -0.01 9.68 9.68
236 0.13 -0.01 9.58 9.58
160 0.09 0.06 9.59 9.59
188 0.10 -0.01 9.63 9.63
208 0.11 0.09 9.65 9.65
212 0.12 0.05 9.61 9.61
188 0.10 0.08 9.68 9.68
132 0.07 0.05 9.64 9.64
292 0.16 0.03 9.63 9.63
120 0.07 0.05 9.64 9.64
220 0.12 0.03 9.63 9.63
216 0.12 0.03 9.61 9.61
184 0.10 -0.00 9.56 9.56
284 0.15 -0.02 9.57 9.57
212 0.12 0.02 9.63 9.63
192 0.10 0.03 9.55 9.55
132 0.07 -0.02 9.64 9.64
188 0.10 0.06 9.62 9.62
152 0.08 0.10 9.55 9.55
168 0.09 -0.00 9.64 9.64
164 0.09 0.03 9.58 9.58
280 0.15 0.03 9.54 9.55
228 0.12 0.08 9.55 9.55
256 0.14 0.02 9.63 9.63
200 0.11 0.08 9.55 9.55
208 0.11 0.06 9.67 9.67
236 0.13 0.03 9.58 9.58
204 0.11 0.04 9.66 9.66
248 0.14 0.05 9.55 9.55
272 0.15 0.09 9.61 9.61
196 0.11 0.01 9.61 9.61
156 0.09 0.13 9.60 9.60
236 0.13 0.00 9.70 9.70
196 0.11 0.01 9.60 9.60
176 0.10 0.05 9.62 9.62
248 0.14 0.07 9.67 9.67
252 0.14 0.06 9.62 9.62
304 0.17 0.03 9.56 9.56
236 0.13 0.02 9.54 9.54
180 0.10 0.05 9.57 9.57
252 0.14 -0.04 9.59 9.59
208 0.11 0.04 9.62 9.63
232 0.13 0.05 9.64 9.64
312 0.17 0.10 9.66 9.66
224 0.12 0.02 9.53 9.53
128 0.07 0.02 9.84 9.84
212 0.12 0.03 9.61 9.61
-448 -0.24 -0.21 9.80 9.80
-1344 -0.73 -1.04 9.46 9.55
496 0.27 -0.08 9.74 9.75
1924 1.05 0.60 9.73 9.80
-628 -0.34 0.36 9.56 9.58
-2592 -1.41 -0.66 9.33 9.46
-5320 -2.90 -0.97 9.18 9.68
-7112 -3.88 0.88 8.54 9.42
140 0.08 2.69 9.82 10.18
-1676 -0.91 -0.96 7.83 7.94
5540 3.02 0.17 10.49 10.91
-1412 -0.77 1.21 9.83 9.94
1348 0.74 -0.66 9.92 9.97
-1448 -0.79 -0.23 8.80 8.84
-436 -0.24 0.17 9.63 9.63
1740 0.95 -0.69 9.65 9.72
1624 0.89 0.33 9.60 9.64
-1440 -0.79 0.57 9.50 9.55
376 0.21 -0.56 9.78 9.79
288 0.16 0.23 9.62 9.63
324 0.18 -0.08 9.69 9.69
1276 0.70 -1.38 9.75 9.87
1844 1.01 -0.11 9.58 9.63
-500 -0.27 -0.06 9.65 9.65
-948 -0.52 -0.09 9.63 9.64
-3684 -2.01 0.19 9.74 9.95
7156 3.90 1.03 10.31 11.07
-2596 -1.42 0.47 9.79 9.91
-584 -0.32 0.22 8.98 8.99
308 0.17 0.23 9.64 9.64
404 0.22 0.41 9.88 9.89
528 0.29 0.60 9.68 9.70
228 0.12 0.34 10.60 10.60
2876 1.57 -0.35 10.44 10.57
2408 1.31 -0.81 9.31 9.44
3956 2.16 -0.37 9.67 9.91
3056 1.67 0.09 9.60 9.74
3196 1.74 0.17 9.50 9.66
2780 1.52 -0.06 9.64 9.75
1140 0.62 -0.06 9.54 9.56
140 0.08 0.00 9.60 9.60
148 0.08 -0.02 9.57 9.58
140 0.08 0.00 9.65 9.65
244 0.13 0.04 9.67 9.67
296 0.16 -0.05 9.62 9.62
208 0.11 -0.04 9.64 9.64
196 0.11 -0.02 9.68 9.68
256 0.14 0.01 9.57 9.57
316 0.17 -0.05 9.67 9.67
344 0.19 0.04 9.54 9.54
180 0.10 0.03 9.64 9.64
264 0.14 0.02 9.60 9.60
212 0.12 0.07 9.63 9.63
240 0.13 0.04 9.61 9.61
240 0.13 -0.00 9.61 9.61
104 0.06 0.05 9.61 9.61
280 0.15 0.02 9.62 9.62
272 0.15 0.03 9.56 9.56
216 0.12 0.02 9.57 9.57
260 0.14 0.02 9.62 9.62
208 0.11 0.03 9.65 9.65
328 0.18 -0.00 9.57 9.57
232 0.13 0.01 9.59 9.59
272 0.15 -0.04 9.57 9.57
76 0.04 0.04 9.64 9.64
224 0.12 -0.02 9.58 9.58
156 0.09 0.02 9.65 9.65
172 0.09 0.00 9.62 9.63
224 0.12 0.00 9.64 9.64
296 0.16 0.01 9.52 9.53
300 0.16 0.03 9.61 9.61
324 0.18 -0.05 9.62 9.62
308 0.17 -0.01 9.54 9.55
292 0.16 0.02 9.59 9.59
260 0.14 0.02 9.60 9.60
124 0.07 -0.01 9.59 9.59
232 0.13 0.04 9.60 9.60
220 0.12 -0.00 9.57 9.57
196 0.11 0.05 9.58 9.58
260 0.14 -0.01 9.61 9.62
200 0.11 0.03 9.62 9.62
180 0.10 -0.02 9.52 9.52
252 0.14 0.07 9.70 9.70
196 0.11 0.08 9.62 9.62
236 0.13 0.02 9.57 9.58
212 0.12 0.02 9.60 9.60
164 0.09 0.01 9.57 9.57
280 0.15 0.01 9.56 9.56
324 0.18 0.01 9.56 9.56
228 0.12 -0.00 9.54 9.54
332 0.18 0.01 9.56 9.56
188 0.10 -0.02 9.57 9.57
284 0.15 -0.03 9.57 9.57
304 0.17 0.02 9.59 9.59
316 0.17 0.01 9.55 9.55
140 0.08 0.00 9.63 9.63
240 0.13 0.06 9.61 9.61
236 0.13 0.05 9.58 9.58
208 0.11 0.03 9.56 9.56
284 0.15 0.02 9.55 9.55
200 0.11 0.02 9.62 9.63
232 0.13 -0.03 9.54 9.54
268 0.15 -0.00 9.57 9.57
224 0.12 -0.00 9.61 9.61
244 0.13 -0.01 9.59 9.59
312 0.17 0.00 9.61 9.61
272 0.15 -0.04 9.62 9.62
240 0.13 -0.02 9.56 9.56
292 0.16 -0.00 9.63 9.63
208 0.11 -0.03 9.53 9.53
288 0.16 0.02 9.70 9.70
292 0.16 0.03 9.57 9.57
248 0.14 0.06 9.59 9.59
144 0.08 0.06 9.65 9.65
180 0.10 0.01 9.57 9.58
320 0.17 -0.03 9.66 9.67
292 0.16 -0.01 9.60 9.60
320 0.17 0.02 9.54 9.54
260 0.14 -0.02 9.49 9.50
304 0.17 -0.02 9.65 9.65
216 0.12 0.04 9.63 9.63
228 0.12 0.03 9.65 9.65
212 0.12 0.07 9.67 9.67
212 0.12 0.05 9.56 9.56
264 0.14 0.04 9.57 9.57
216 0.12 0.05 9.64 9.64
200 0.11 -0.01 9.69 9.69
368 0.20 0.01 9.60 9.60
272 0.15 0.02 9.59 9.59
180 0.10 0.03 9.64 9.64
208 0.11 0.03 9.74 9.75
228 0.12 0.02 9.61 9.61
260 0.14 -0.02 9.61 9.61
220 0.12 0.05 9.65 9.65
400 0.22 0.02 9.63 9.63
212 0.12 -0.01 9.77 9.77
212 0.12 -0.06 9.75 9.75
280 0.15 0.00 9.59 9.59
160 0.09 0.03 9.59 9.59
316 0.17 -0.03 9.54 9.55
296 0.16 0.01 9.57 9.57
256 0.14 0.02 9.60 9.60
272 0.15 0.04 9.59 9.59
268 0.15 0.01 9.58 9.58
228 0.12 0.05 9.53 9.53
280 0.15 0.06 9.46 9.46
312 0.17 -0.05 9.66 9.66
336 0.18 0.03 9.64 9.64
292 0.16 -0.00 9.57 9.58
196 0.11 0.00 9.64 9.65
616 0.34 -1.36 9.29 9.40
208 0.11 0.67 9.66 9.68
2156 1.18 -0.53 9.85 9.93
-1928 -1.05 1.02 9.60 9.71
384 0.21 0.76 9.75 9.79
-608 -0.33 0.74 9.58 9.61
-1548 -0.84 -0.54 10.62 10.66
540 0.29 0.81 10.44 10.48
-440 -0.24 0.86 9.82 9.86
-16 -0.01 1.71 9.65 9.80
-2484 -1.35 1.44 10.30 10.48
-4124 -2.25 -0.07 9.71 9.96
-3620 -1.97 0.57 8.05 8.31
-2476 -1.35 1.24 7.62 7.84
600 0.33 0.48 9.45 9.47
40 0.02 1.45 8.82 8.94
-144 -0.08 0.13 10.67 10.67
-2276 -1.24 0.12 8.87 8.96
876 0.48 2.16 9.89 10.14
1148 0.63 1.60 10.30 10.44
1796 0.98 3.28 9.93 10.51
616 0.34 1.64 9.62 9.76
1896 1.03 2.47 10.11 10.46
2108 1.15 1.40 9.16 9.34
1576 0.86 1.97 8.55 8.81
-324 -0.18 0.84 9.29 9.33
2308 1.26 1.38 10.27 10.44
5196 2.83 1.83 9.68 10.25
5220 2.85 1.65 10.06 10.59
4208 2.29 2.73 10.15 10.76
3660 2.00 -0.14 8.97 9.19
3824 2.09 -0.27 8.80 9.05
3128 1.71 -0.10 8.23 8.41
1808 0.99 -1.45 7.87 8.07
2580 1.41 -2.08 7.59 7.99
3040 1.66 -1.66 8.06 8.39
4744 2.59 -1.79 8.28 8.86
2388 1.30 -0.89 9.79 9.92
1364 0.74 -1.06 9.64 9.73
2884 1.57 -1.19 9.30 9.51
4404 2.40 0.19 10.99 11.25
1620 0.88 -0.75 8.54 8.61
784 0.43 -1.46 6.56 6.73
1256 0.68 -1.05 7.25 7.36
1480 0.81 -1.18 6.64 6.79
4536 2.47 0.17 7.17 7.59
48 0.03 1.53 9.30 9.42
-9528 -5.20 0.26 17.87 18.61
-2404 -1.31 -1.47 13.40 13.54
1024 0.56 1.23 7.66 7.77
-2000 -1.09 3.76 13.37 13.93
3520 1.92 1.32 9.34 9.63
1012 0.55 2.44 9.31 9.64
1768 0.96 -1.63 5.72 6.02
-4372 -2.38 3.76 9.42 10.42
-1976 -1.08 0.84 10.14 10.24
-1220 -0.67 -0.37 9.88 9.91
2752 1.50 -1.03 10.44 10.60
-1536 -0.84 2.78 13.04 13.36
4 0.00 -0.09 9.87 9.87
-768 -0.42 0.06 9.37 9.38
672 0.37 -0.78 9.60 9.64
1084 0.59 0.73 9.40 9.44
920 0.50 -0.32 9.73 9.75
472 0.26 0.21 9.70 9.71
1312 0.72 -0.08 9.28 9.31
-1928 -1.05 1.53 9.20 9.39
620 0.34 1.65 9.51 9.66
2472 1.35 0.56 9.25 9.36
-804 -0.44 0.14 9.51 9.52
1792 0.98 -1.93 9.34 9.59
-464 -0.25 -0.78 9.76 9.80
532 0.29 -0.52 9.59 9.61
-5064 -2.76 0.49 5.97 6.59
384 0.21 0.30 9.59 9.59
-216 -0.12 0.16 10.34 10.34
-656 -0.36 0.72 10.34 10.37
-156 -0.09 0.08 9.82 9.82
1396 0.76 -0.21 9.15 9.19
684 0.37 -0.65 10.01 10.03
2280 1.24 -0.60 9.84 9.93
2300 1.25 0.03 8.35 8.44
4432 2.42 -0.46 9.18 9.51
192 0.10 0.03 9.16 9.17
-284 -0.15 1.56 8.88 9.02
-124 -0.07 0.26 9.58 9.58
1736 0.95 0.06 9.44 9.49
-4780 -2.61 -0.28 10.35 10.67
964 0.53 -0.17 9.63 9.65
1936 1.06 0.01 9.49 9.55
2900 1.58 0.46 9.11 9.26
1348 0.74 0.53 9.59 9.63
-72 -0.04 0.62 9.55 9.57
-1468 -0.80 -0.36 9.59 9.63
-1592 -0.87 -0.38 9.56 9.60
44 0.02 -0.17 9.42 9.43
1892 1.03 0.51 9.74 9.81
2972 1.62 0.75 10.00 10.15
-804 -0.44 -0.26 9.68 9.69
-1896 -1.03 -0.85 9.65 9.74
-40 -0.02 -0.12 9.68 9.68
1572 0.86 0.30 9.73 9.77
2824 1.54 1.11 9.92 10.10
2776 1.51 0.70 9.19 9.34
-1280 -0.70 -0.27 10.38 10.40
-2480 -1.35 -0.56 9.75 9.86
-1404 -0.77 0.65 9.56 9.61
-1816 -0.99 0.95 9.73 9.83
504 0.27 0.88 10.01 10.05
2844 1.55 -7.95 10.37 13.16
40 0.02 -1.49 9.32 9.43
1340 0.73 -0.55 9.40 9.44
-1380 -0.75 0.53 10.36 10.40
244 0.13 0.54 9.10 9.12
-392 -0.21 -1.18 9.29 9.37
-1916 -1.04 -0.61 9.54 9.61
160 0.09 -0.27 9.68 9.69
1060 0.58 0.04 9.56 9.58
-140 -0.08 -0.21 9.77 9.77
-12 -0.01 -0.23 9.46 9.47
-632 -0.34 -0.09 9.62 9.63
-1424 -0.78 -0.49 9.57 9.61
-244 -0.13 -0.29 9.60 9.60
268 0.15 -0.16 9.67 9.67
148 0.08 -0.20 9.59 9.59
404 0.22 -0.17 9.64 9.65
84 0.05 -0.27 9.70 9.71
268 0.15 -0.24 9.69 9.70
-472 -0.26 -0.55 9.52 9.54
-244 -0.13 -1.26 9.65 9.73
944 0.51 -0.62 9.68 9.71
240 0.13 -0.80 9.60 9.64
268 0.15 -1.22 9.66 9.74
1652 0.90 -0.65 7.42 7.50
-2444 -1.33 0.06 11.28 11.36
888 0.48 0.65 10.02 10.05
-540 -0.29 -0.64 9.86 9.88
-688 -0.38 -0.66 9.15 9.18
-924 -0.50 0.05 9.93 9.94
-1092 -0.60 0.18 10.02 10.03
376 0.21 0.13 8.61 8.62
-1684 -0.92 -0.29 9.46 9.51
-340 -0.19 0.32 10.08 10.09
72 0.04 0.00 9.97 9.97
872 0.48 -0.19 9.49 9.50
228 0.12 -0.01 9.64 9.64
-848 -0.46 -0.43 9.61 9.63
-1256 -0.68 0.26 9.46 9.49
396 0.22 0.36 9.60 9.61
1532 0.84 0.73 10.37 10.43
4752 2.59 1.10 9.06 9.48
-60 -0.03 -0.10 10.04 10.04
316 0.17 -0.14 9.64 9.64
492 0.27 -0.13 9.61 9.62
360 0.20 -0.14 9.67 9.67
416 0.23 -0.14 9.61 9.61
380 0.21 -0.19 9.65 9.66
344 0.19 -0.13 9.61 9.62
428 0.23 -0.12 9.64 9.64
396 0.22 -0.11 9.57 9.57
488 0.27 -0.07 9.66 9.67
336 0.18 -0.13 9.64 9.64
392 0.21 -0.10 9.59 9.59
364 0.20 -0.12 9.58 9.58
332 0.18 -0.16 9.59 9.60
436 0.24 -0.12 9.64 9.64
464 0.25 -0.10 9.68 9.69
332 0.18 -0.14 9.62 9.63
2644 1.44 -1.45 9.76 9.97
968 0.53 -1.47 9.47 9.60
1312 0.72 0.18 9.47 9.50
1992 1.09 0.85 9.70 9.80
796 0.43 0.32 9.64 9.66
764 0.42 -0.22 9.63 9.65
2392 1.30 -0.18 9.39 9.49
1284 0.70 0.37 9.31 9.35
-336 -0.18 -0.23 9.69 9.70
1088 0.59 0.04 9.54 9.56
-488 -0.27 -0.93 9.24 9.29
-328 -0.18 -0.05 10.16 10.16
980 0.53 1.36 9.48 9.59
1168 0.64 1.15 8.71 8.81
752 0.41 1.18 10.99 11.06
268 0.15 -0.66 10.91 10.93
-128 -0.07 -1.04 8.94 9.00
-432 -0.24 -2.05 6.94 7.24
-2472 -1.35 -3.06 7.74 8.43
1012 0.55 -0.09 10.10 10.12
-1124 -0.61 -0.00 11.79 11.81
-12 -0.01 -0.09 11.37 11.37
1796 0.98 -0.47 8.65 8.72
248 0.14 -1.50 9.53 9.65
-1416 -0.77 -2.51 8.85 9.24
860 0.47 -2.86 7.22 7.78
1224 0.67 -1.04 8.87 8.96
-296 -0.16 0.63 9.91 9.93
344 0.19 -0.10 8.60 8.61
624 0.34 -0.36 9.16 9.17
2544 1.39 -0.21 11.72 11.81
-1712 -0.93 -0.85 11.89 11.95
800 0.44 -0.92 9.77 9.82
-1400 -0.76 0.43 10.15 10.19
1428 0.78 0.33 9.70 9.73
1452 0.79 0.33 9.78 9.81
1044 0.57 0.56 9.62 9.66
-100 -0.05 -0.23 8.75 8.75
692 0.38 -1.28 10.17 10.26
264 0.14 -1.17 9.93 10.00
1724 0.94 0.26 8.85 8.90
112 0.06 0.80 9.99 10.02
408 0.22 0.11 9.91 9.91
1632 0.89 -1.10 9.55 9.66
-456 -0.25 0.02 10.12 10.12
-340 -0.19 0.00 9.63 9.64
-396 -0.22 0.44 9.16 9.18
660 0.36 -0.07 8.69 8.70
1080 0.59 -0.42 9.66 9.69
1340 0.73 -1.13 8.89 8.99
224 0.12 -0.92 9.12 9.17
-1572 -0.86 0.39 10.04 10.09
-2496 -1.36 1.05 9.29 9.45
-1292 -0.70 0.30 9.69 9.72
96 0.05 0.07 9.66 9.66
-2020 -1.10 1.60 9.64 9.83
224 0.12 0.02 9.61 9.61
324 0.18 0.01 9.67 9.67
284 0.15 0.11 9.64 9.64
260 0.14 -0.02 9.57 9.58
-52 -0.03 -0.22 9.58 9.58
260 0.14 0.01 9.64 9.64
312 0.17 -0.02 9.59 9.59
256 0.14 -0.02 9.62 9.62
348 0.19 0.01 9.55 9.55
312 0.17 -0.04 9.60 9.60
264 0.14 -0.01 9.55 9.55
212 0.12 0.02 9.61 9.61
248 0.14 0.01 9.51 9.51
276 0.15 -0.02 9.65 9.65
268 0.15 0.01 9.64 9.64
268 0.15 -0.07 9.63 9.63
272 0.15 0.03 9.61 9.62
320 0.17 -0.03 9.66 9.66
292 0.16 0.03 9.58 9.58
244 0.13 0.02 9.68 9.68
752 0.41 -0.11 9.58 9.59
928 0.51 -0.48 9.88 9.91
2848 1.55 -0.96 9.73 9.90
3100 1.69 -1.22 9.00 9.24
788 0.43 -0.37 9.64 9.66
-1060 -0.58 0.41 9.59 9.62
-1600 -0.87 0.30 9.82 9.87
-1292 -0.70 0.16 10.13 10.15
656 0.36 -0.05 9.34 9.35
584 0.32 -0.08 9.38 9.39
-328 -0.18 -0.07 9.60 9.60
-40 -0.02 -0.25 9.78 9.79
56 0.03 -0.05 9.33 9.33
-364 -0.20 0.04 9.28 9.28
1468 0.80 -0.33 8.87 8.92
1080 0.59 -0.07 8.81 8.83
-1868 -1.02 0.42 9.47 9.53
-156 -0.09 -0.02 9.71 9.71
-324 -0.18 0.01 9.19 9.19
984 0.54 -0.57 9.69 9.72
372 0.20 0.05 10.09 10.09
-1712 -0.93 0.45 9.67 9.72
76 0.04 0.08 9.83 9.83
808 0.44 -0.25 9.74 9.76
864 0.47 -0.25 9.47 9.49
-852 -0.46 0.20 9.61 9.62
312 0.17 0.39 9.20 9.21
116 0.06 -0.13 9.54 9.54
260 0.14 -0.13 9.66 9.66
-208 -0.11 0.12 9.51 9.51
116 0.06 -0.16 9.78 9.78
-184 -0.10 -0.07 9.55 9.55
-432 -0.24 0.10 9.65 9.66
-256 -0.14 0.06 9.54 9.54
268 0.15 -0.13 9.64 9.64
748 0.41 -0.16 9.68 9.69
-120 -0.07 0.27 9.45 9.45
-2208 -1.20 0.76 10.00 10.10
-828 -0.45 0.22 9.49 9.50
-368 -0.20 -0.08 9.62 9.62
432 0.24 -0.10 9.45 9.45
868 0.47 -0.20 9.45 9.46
40 0.02 -0.11 9.74 9.74
-384 -0.21 0.03 9.28 9.29
-176 -0.10 0.02 9.60 9.60
220 0.12 -0.08 9.71 9.71
420 0.23 -0.05 9.62 9.63
68 0.04 -0.04 9.62 9.62
232 0.13 -0.00 9.55 9.55
152 0.08 -0.06 9.65 9.65
16 0.01 -0.07 9.57 9.57
100 0.05 -0.03 9.64 9.64
56 0.03 -0.05 9.60 9.60
228 0.12 -0.08 9.67 9.67
264 0.14 -0.11 9.62 9.62
-80 -0.04 0.01 9.66 9.66
-180 -0.10 0.05 9.57 9.57
-184 -0.10 0.04 9.57 9.57
76 0.04 -0.00 9.65 9.65
496 0.27 -0.07 9.24 9.24
8 0.00 -0.04 9.60 9.60
100 0.05 0.00 9.56 9.56
-8 -0.00 -0.05 9.68 9.68
48 0.03 -0.06 9.60 9.60
48 0.03 -0.06 9.58 9.58
44 0.02 -0.09 9.54 9.54
92 0.05 -0.04 9.59 9.59
12 0.01 -0.02 9.66 9.66
116 0.06 -0.02 9.60 9.60
-100 -0.05 -0.04 9.60 9.60
60 0.03 -0.06 9.59 9.59
48 0.03 -0.06 9.59 9.59
92 0.05 -0.03 9.62 9.63
12 0.01 -0.04 9.60 9.60
116 0.06 -0.05 9.64 9.64
-8 -0.00 -0.05 9.56 9.56
84 0.05 -0.03 9.59 9.59
44 0.02 -0.07 9.59 9.59
496 0.27 -0.05 9.39 9.39
-180 -0.10 0.03 9.63 9.63
-96 -0.05 -0.02 9.51 9.51
200 0.11 -0.04 9.63 9.63
80 0.04 -0.04 9.61 9.61
120 0.07 -0.06 9.50 9.50
20 0.01 -0.04 9.52 9.52
88 0.05 0.02 9.58 9.58
72 0.04 -0.05 9.62 9.62
44 0.02 -0.07 9.71 9.71
28 0.02 -0.07 9.66 9.66
68 0.04 -0.05 9.56 9.56
44 0.02 -0.09 9.66 9.66
68 0.04 -0.01 9.54 9.54
104 0.06 -0.05 9.58 9.58
100 0.05 -0.05 9.59 9.59
64 0.03 0.04 9.71 9.71
8 0.00 -0.03 9.63 9.63
-48 -0.03 -0.07 9.62 9.62
4 0.00 -0.03 9.58 9.58
-36 -0.02 0.01 9.61 9.61
72 0.04 0.00 9.64 9.64
108 0.06 -0.12 9.60 9.60
72 0.04 -0.07 9.50 9.50
224 0.12 -0.09 9.49 9.49
-316 -0.17 -0.06 9.88 9.88
564 0.31 0.10 9.43 9.43
48 0.03 -0.14 9.51 9.51
440 0.24 -0.05 9.42 9.43
1072 0.58 1.12 9.66 9.74
536 0.29 0.03 9.11 9.11
196 0.11 -1.72 9.46 9.62
-2428 -1.32 -0.05 10.37 10.46
224 0.12 0.30 9.73 9.74
-228 -0.12 0.10 9.93 9.93
1208 0.66 -0.46 9.50 9.53
-2308 -1.26 -0.10 9.63 9.71
1524 0.83 -0.61 10.02 10.08
556 0.30 0.05 11.82 11.82
3784 2.06 -0.21 10.53 10.74
3128 1.71 -0.55 10.25 10.40
-4904 -2.67 1.97 9.61 10.17
120 0.07 1.33 8.17 8.27
1532 0.84 1.35 9.71 9.84
4784 2.61 1.05 11.22 11.57
5288 2.88 2.98 8.35 9.32
4420 2.41 3.50 7.68 8.78
2624 1.43 2.50 11.83 12.18
-11712 -6.39 -0.55 17.87 18.98
5188 2.83 1.49 6.09 6.88
9004 4.91 1.68 7.69 9.28
7620 4.15 1.79 9.23 10.28
7820 4.26 1.20 6.45 7.83
8428 4.60 2.69 7.37 9.10
9556 5.21 3.55 10.48 12.23
12076 6.58 3.28 6.07 9.54
5904 3.22 1.37 8.19 8.91
13368 7.29 2.57 5.57 9.53
10408 5.68 2.12 6.92 9.20
18104 9.87 2.45 6.36 12.00
14144 7.71 0.93 5.29 9.40
11620 6.34 2.07 4.06 7.81
10960 5.98 3.24 7.05 9.79
12364 6.74 -1.64 6.96 9.83
13000 7.09 2.76 3.28 8.28
9196 5.01 1.17 7.76 9.32
6912 3.77 3.21 7.88 9.31
7044 3.84 2.57 10.49 11.46
2320 1.26 4.33 12.55 13.33
-2544 -1.39 3.31 17.49 17.85
2132 1.16 1.49 12.63 12.77
5884 3.21 1.14 7.85 8.56
3732 2.03 0.65 8.99 9.24
4284 2.34 0.54 8.77 9.09
4936 2.69 0.41 7.27 7.76
4120 2.25 0.66 6.90 7.29
3028 1.65 -0.51 7.51 7.71
2024 1.10 0.00 8.56 8.64
3200 1.74 -0.30 7.19 7.41
240 0.13 -0.60 7.72 7.75
-2680 -1.46 -0.73 8.49 8.64
-17480 -9.53 -3.82 17.26 20.08
6520 3.56 3.55 7.78 9.26
892 0.49 -0.09 12.17 12.18
3984 2.17 -0.11 7.42 7.73
4504 2.46 -0.80 7.10 7.56
-1192 -0.65 -0.29 10.87 10.89
-2680 -1.46 -0.72 9.32 9.46
212 0.12 -1.12 6.70 6.79
468 0.26 0.08 11.41 11.41
5452 2.97 -1.21 10.85 11.31
-3524 -1.92 -0.99 11.69 11.89
-2888 -1.57 -1.27 6.97 7.25
-3220 -1.76 -0.63 8.22 8.43
-5840 -3.18 -2.03 14.85 15.32
-6008 -3.28 -0.79 9.62 10.20
-6632 -3.62 -0.42 8.99 9.70
-3508 -1.91 0.58 8.74 8.97
596 0.32 -1.36 8.06 8.18
420 0.23 -2.35 8.73 9.04
-792 -0.43 -0.93 10.55 10.60
-2036 -1.11 0.36 10.33 10.40
-208 -0.11 -1.73 9.47 9.63
-672 -0.37 -0.24 8.93 8.94
-880 -0.48 0.79 9.89 9.93
-1088 -0.59 0.59 10.16 10.19
52 0.03 -0.65 10.50 10.52
-2072 -1.13 -1.64 9.60 9.81
-2220 -1.21 1.01 10.81 10.93
628 0.34 -1.01 8.30 8.37
1384 0.75 -2.52 8.74 9.13
28 0.02 -2.15 9.16 9.41
-1180 -0.64 -1.98 9.89 10.10
-4008 -2.19 0.05 10.83 11.05
-4512 -2.46 -0.31 8.85 9.19
-1636 -0.89 -2.51 8.47 8.88
6800 3.71 -2.21 8.39 9.44
2892 1.58 -1.95 7.67 8.07
-5404 -2.95 -0.22 13.35 13.67
1440 0.79 -2.87 9.27 9.74
432 0.24 -3.66 9.33 10.02
676 0.37 -2.66 8.69 9.09
3272 1.78 -0.92 7.17 7.44
2000 1.09 -2.79 5.56 6.31
-2344 -1.28 -2.08 8.49 8.83
-9980 -5.44 -0.66 14.02 15.06
616 0.34 -0.70 8.22 8.26
-3524 -1.92 0.65 10.46 10.66
-2116 -1.15 -0.01 10.05 10.12
-3336 -1.82 -0.84 11.17 11.35
-1776 -0.97 -0.04 8.54 8.60
340 0.19 -0.27 9.84 9.84
-1600 -0.87 -0.29 6.90 6.96
-14764 -8.05 4.72 11.34 14.69
2508 1.37 0.94 8.85 9.01
-4360 -2.38 1.61 10.07 10.47
-3628 -1.98 0.32 9.44 9.65
-2820 -1.54 0.62 10.11 10.25
-3608 -1.97 1.05 10.82 11.04
-1256 -0.68 0.77 6.36 6.44
-4368 -2.38 0.68 9.11 9.44
912 0.50 0.19 11.25 11.26
-1652 -0.90 0.41 11.42 11.47
-2704 -1.47 0.22 10.80 10.90
-3688 -2.01 0.83 9.32 9.57
-1892 -1.03 1.23 8.49 8.64
0 0.00 -0.76 8.28 8.31
-116 -0.06 -0.80 9.08 9.11
-752 -0.41 0.46 10.22 10.24
-2228 -1.21 -0.09 9.55 9.63
-1268 -0.69 -2.64 8.70 9.12
-1936 -1.06 -2.87 8.78 9.30
-1472 -0.80 0.69 8.62 8.68
360 0.20 0.33 11.07 11.07
96 0.05 -1.56 9.87 9.99
-1580 -0.86 -2.85 9.73 10.18
-1680 -0.92 -1.55 9.22 9.40
-1664 -0.91 0.87 9.47 9.55
864 0.47 0.52 9.35 9.37
3584 1.95 -0.42 11.93 12.09
1852 1.01 1.01 11.29 11.38
3952 2.15 -0.25 9.05 9.31
-2204 -1.20 -1.15 10.22 10.36
324 0.18 -0.52 12.55 12.56
-3988 -2.17 -2.83 8.01 8.77
2640 1.44 -0.95 8.87 9.03
92 0.05 -1.08 10.59 10.65
-2096 -1.14 -1.32 10.77 10.91
-828 -0.45 -0.22 9.99 10.00
808 0.44 -0.44 9.79 9.81
5968 3.25 -0.10 9.75 10.28
5012 2.73 -0.39 10.87 11.21
4948 2.70 -0.65 8.59 9.03
9068 4.94 -0.71 7.49 9.01
10960 5.98 -0.15 7.90 9.90
8588 4.68 0.28 4.45 6.47
14220 7.75 -5.08 -1.88 9.46
11724 6.39 -0.03 3.68 7.38
14188 7.74 -1.04 2.82 8.30
21628 11.79 -2.20 -1.53 12.09
10604 5.78 -1.40 3.26 6.79
20684 11.28 -0.08 4.57 12.17
15052 8.21 -2.43 -2.35 8.88
12560 6.85 -0.41 -5.82 9.00
10340 5.64 -0.72 -4.40 7.19
9848 5.37 -0.08 -4.95 7.31
9628 5.25 -1.16 -10.23 11.56
8784 4.79 -0.57 -8.05 9.39
5872 3.20 0.24 -6.48 7.23
6008 3.28 0.29 -11.11 11.59
2900 1.58 -0.16 -7.79 7.96
-1420 -0.77 -0.24 -6.77 6.82
-2024 -1.10 0.66 -8.38 8.48
-1348 -0.74 0.67 -8.01 8.07
-5896 -3.21 -0.53 -6.90 7.63
-6140 -3.35 0.20 -7.21 7.95
-1012 -0.55 1.49 -8.94 9.08
-5684 -3.10 -0.69 -6.84 7.54
-10372 -5.66 -0.49 -6.48 8.62
-8732 -4.76 -0.19 -5.72 7.45
-6716 -3.66 -0.21 -8.29 9.06
-5120 -2.79 0.17 -9.32 9.73
-6548 -3.57 0.29 -9.23 9.90
-9504 -5.18 -1.47 -7.58 9.30
-1632 -0.89 -0.14 -10.62 10.65
-1280 -0.70 0.38 -12.09 12.11
-4048 -2.21 -0.58 -8.53 8.83
2904 1.58 0.09 -6.80 6.99
7032 3.83 0.26 -9.81 10.54
5476 2.99 -0.38 -10.16 10.60
7856 4.28 -2.28 -4.86 6.87
9256 5.05 -1.22 -4.85 7.11
5104 2.78 2.92 -9.74 10.54
4620 2.52 1.26 -6.79 7.35
13140 7.16 -0.40 -2.93 7.75
8112 4.42 0.86 -3.65 5.80
10484 5.72 -1.25 -5.88 8.30
14612 7.97 0.06 -8.44 11.60
11352 6.19 -1.13 -5.68 8.48
7368 4.02 -1.40 -3.16 5.30
13016 7.10 -0.07 -4.09 8.19
15424 8.41 -1.42 -3.87 9.37
16616 9.06 -2.19 -4.70 10.44
17896 9.76 -2.24 -4.49 10.97
7472 4.07 0.39 6.30 7.51
8708 4.75 -0.53 0.23 4.78
15648 8.53 -0.11 2.15 8.80
14120 7.70 1.18 4.96 9.23
13324 7.26 0.95 5.81 9.35
6240 3.40 -0.91 7.38 8.17
28 0.02 -1.58 9.46 9.59
1012 0.55 -0.47 9.96 9.99
2132 1.16 0.36 10.34 10.42
-768 -0.42 0.64 11.84 11.87
-5628 -3.07 -0.32 10.49 10.93
-4636 -2.53 -1.02 8.40 8.83
-4108 -2.24 0.55 7.46 7.81
-9460 -5.16 0.75 5.97 7.92
-13660 -7.45 -0.09 10.49 12.86
-6864 -3.74 -0.14 5.74 6.86
-12568 -6.85 -0.24 5.14 8.57
-16116 -8.79 0.67 8.68 12.37
-8976 -4.89 0.32 3.88 6.25
-16472 -8.98 2.65 4.03 10.20
-20156 -10.99 0.44 7.57 13.35
-11628 -6.34 0.22 -1.75 6.58
-21112 -11.51 -0.41 3.83 12.14
-18908 -10.31 1.06 -1.09 10.42
-20688 -11.28 2.04 -0.68 11.48
-14088 -7.68 -1.23 -0.72 7.81
-9884 -5.39 0.04 -3.66 6.52
-12700 -6.92 0.75 -6.71 9.67
-14352 -7.83 -0.84 -3.64 8.67
-15492 -8.45 0.02 -1.67 8.61
-10648 -5.81 0.95 -5.52 8.07
-9628 -5.25 0.14 -5.33 7.48
-9184 -5.01 -0.67 -6.58 8.30
-12672 -6.91 0.26 -7.67 10.33
-12552 -6.84 0.89 -4.48 8.23
-9076 -4.95 0.28 -6.20 7.93
-10776 -5.88 -0.22 -5.98 8.38
-11380 -6.21 -0.13 -7.55 9.77
-11152 -6.08 0.73 -6.68 9.06
-10924 -5.96 0.14 -4.50 7.47
-14064 -7.67 0.71 -2.73 8.17
-16720 -9.12 0.91 -3.89 9.96
-15988 -8.72 -0.12 -2.55 9.08
-16208 -8.84 0.04 -3.07 9.36
-15844 -8.64 -0.00 -0.55 8.66
-18528 -10.10 -1.96 4.94 11.42
-16012 -8.73 -1.01 4.07 9.69
-12680 -6.91 -0.85 3.85 7.96
-12092 -6.59 -1.82 6.01 9.10
-11132 -6.07 -0.63 9.68 11.44
-6184 -3.37 -1.66 6.95 7.90
-2124 -1.16 -3.11 4.88 5.90
-3204 -1.75 -1.87 9.13 9.48
-3324 -1.81 -1.45 9.49 9.77
100 0.05 -1.22 7.87 7.97
-1776 -0.97 -0.14 8.87 8.92
-556 -0.30 -0.48 8.05 8.07
892 0.49 0.37 10.16 10.18
1324 0.72 0.86 10.07 10.13
3004 1.64 0.57 8.77 8.94
580 0.32 0.36 9.78 9.80
1984 1.08 0.22 10.01 10.07
1012 0.55 -0.05 11.48 11.49
1976 1.08 1.12 10.68 10.79
3632 1.98 0.87 10.31 10.53
4444 2.42 0.40 9.62 9.93
256 0.14 0.19 9.79 9.79
372 0.20 0.03 9.53 9.53
1320 0.72 -0.18 8.93 8.96
1732 0.94 1.05 10.49 10.58
1524 0.83 0.78 9.81 9.87
3164 1.73 0.86 8.75 8.96
1832 1.00 0.39 9.63 9.69
1260 0.69 0.80 10.04 10.09
204 0.11 0.27 9.92 9.93
2824 1.54 0.51 8.87 9.01
2588 1.41 0.72 8.50 8.65
148 0.08 0.10 10.09 10.09
884 0.48 0.63 8.85 8.88
-1912 -1.04 -0.48 10.55 10.61
824 0.45 -0.44 8.81 8.84
1580 0.86 1.27 9.57 9.70
1308 0.71 0.33 10.19 10.22
1852 1.01 -0.06 6.39 6.47
684 0.37 -0.42 3.76 3.80
4780 2.61 0.06 6.84 7.32
-512 -0.28 -0.39 9.83 9.84
1684 0.92 0.61 7.17 7.26
492 0.27 0.20 9.51 9.52
-300 -0.16 0.28 9.55 9.56
916 0.50 -0.21 9.45 9.46
36 0.02 0.32 9.09 9.09
-184 -0.10 0.60 10.02 10.03
-712 -0.39 0.34 10.09 10.10
104 0.06 -0.03 9.58 9.58
72 0.04 -0.01 9.58 9.58
120 0.07 -0.00 9.62 9.63
28 0.02 0.02 9.55 9.55
188 0.10 0.05 9.60 9.60
84 0.05 0.04 9.61 9.61
36 0.02 0.00 9.58 9.58
68 0.04 0.07 9.56 9.56
56 0.03 0.02 9.62 9.62
144 0.08 0.02 9.64 9.64
84 0.05 0.03 9.58 9.58
208 0.11 0.01 9.57 9.57
104 0.06 0.03 9.60 9.60
104 0.06 0.05 9.60 9.60
72 0.04 0.00 9.70 9.70
92 0.05 0.04 9.60 9.60
0 0.00 0.04 9.56 9.56
52 0.03 0.02 9.56 9.56
84 0.05 0.01 9.57 9.57
180 0.10 0.04 9.54 9.54
84 0.05 0.03 9.58 9.58
60 0.03 0.02 9.58 9.58
76 0.04 -0.01 9.54 9.54
92 0.05 0.01 9.58 9.58
100 0.05 0.03 9.66 9.66
-96 -0.05 0.04 9.61 9.61
36 0.02 0.01 9.56 9.56
120 0.07 -0.03 9.63 9.63
116 0.06 0.01 9.59 9.59
220 0.12 0.03 9.60 9.60
136 0.07 0.05 9.56 9.56
32 0.02 0.02 9.63 9.63
60 0.03 0.04 9.63 9.63
40 0.02 0.03 9.65 9.65
188 0.10 0.05 9.56 9.56
136 0.07 0.09 9.62 9.62
152 0.08 0.01 9.62 9.62
132 0.07 -0.00 9.67 9.67
56 0.03 0.03 9.66 9.66
44 0.02 0.04 9.60 9.60
56 0.03 0.02 9.64 9.64
112 0.06 0.07 9.59 9.59
76 0.04 0.02 9.49 9.49
64 0.03 0.05 9.58 9.58
100 0.05 0.02 9.72 9.72
160 0.09 0.05 9.58 9.58
124 0.07 0.03 9.54 9.54
72 0.04 0.05 9.56 9.56
104 0.06 0.00 9.56 9.56
64 0.03 0.05 9.64 9.64
-24 -0.01 0.01 9.61 9.61
72 0.04 0.05 9.58 9.58
24 0.01 0.10 9.61 9.61
112 0.06 0.03 9.59 9.59
160 0.09 0.03 9.62 9.63
96 0.05 0.04 9.64 9.64
196 0.11 0.05 9.67 9.67
108 0.06 0.00 9.64 9.64
52 0.03 0.07 9.60 9.60
64 0.03 0.04 9.63 9.63
24 0.01 -0.02 9.50 9.50
128 0.07 0.05 9.61 9.61
112 0.06 0.05 9.62 9.62
156 0.09 -0.01 9.58 9.58
48 0.03 0.04 9.70 9.70
56 0.03 0.06 9.57 9.57
96 0.05 0.02 9.60 9.60
224 0.12 0.03 9.65 9.65
4 0.00 0.05 9.46 9.46
60 0.03 -0.02 9.62 9.62
104 0.06 0.04 9.58 9.58
104 0.06 0.05 9.67 9.67
196 0.11 0.02 9.59 9.59
20 0.01 0.00 9.68 9.68
56 0.03 0.04 9.71 9.71
88 0.05 0.05 9.64 9.64
84 0.05 0.09 9.54 9.54
28 0.02 -0.02 9.54 9.54
52 0.03 0.03 9.50 9.50
84 0.05 0.02 9.51 9.51
104 0.06 0.04 9.61 9.61
8 0.00 -0.00 9.61 9.61
72 0.04 0.03 9.63 9.63
68 0.04 0.02 9.70 9.70
64 0.03 -0.02 9.65 9.65
132 0.07 0.07 9.66 9.66
-8 -0.00 0.10 9.57 9.57
48 0.03 0.00 9.61 9.61
120 0.07 0.02 9.69 9.69
220 0.12 0.04 9.30 9.31
184 0.10 -0.02 9.64 9.64
136 0.07 0.02 9.65 9.65
132 0.07 -0.01 9.56 9.56
100 0.05 -0.03 9.59 9.59
156 0.09 0.02 9.63 9.63
136 0.07 -0.02 9.56 9.56
48 0.03 0.00 9.66 9.66
116 0.06 0.04 9.68 9.68
92 0.05 0.05 9.64 9.64
64 0.03 -0.01 9.59 9.59
32 0.02 0.05 9.62 9.62
136 0.07 -0.02 9.64 9.64
148 0.08 0.00 9.60 9.60
116 0.06 -0.01 9.59 9.59
172 0.09 0.03 9.59 9.59
140 0.08 0.02 9.60 9.60
60 0.03 0.05 9.63 9.63
68 0.04 0.03 9.62 9.62
120 0.07 0.03 9.65 9.65
76 0.04 0.03 9.62 9.62
16 0.01 -0.03 9.61 9.61
36 0.02 0.05 9.58 9.58
168 0.09 0.05 9.54 9.54
108 0.06 -0.01 9.64 9.64
152 0.08 0.03 9.62 9.62
164 0.09 0.03 9.62 9.62
-52 -0.03 -0.00 9.62 9.62
20 0.01 0.10 9.51 9.51
-4 -0.00 0.00 9.59 9.59
72 0.04 0.02 9.63 9.63
216 0.12 0.05 9.53 9.53
172 0.09 -0.01 9.58 9.58
120 0.07 0.05 9.62 9.62
16 0.01 0.05 9.60 9.60
84 0.05 0.02 9.54 9.54
152 0.08 0.00 9.60 9.60
68 0.04 0.01 9.59 9.59
212 0.12 0.03 9.59 9.59
92 0.05 0.01 9.66 9.66
124 0.07 -0.03 9.61 9.61
52 0.03 0.07 9.60 9.60
-96 -0.05 -0.01 9.71 9.71
236 0.13 0.11 9.53 9.53
40 0.02 -0.03 9.57 9.57
-308 -0.17 -0.08 9.54 9.54
6600 3.60 -0.84 9.66 10.35
-5740 -3.13 2.01 9.66 10.35
-204 -0.11 0.84 9.47 9.50
892 0.49 -1.86 9.97 10.15
-96 -0.05 0.64 10.19 10.21
640 0.35 -0.21 10.17 10.17
1080 0.59 2.41 11.31 11.58
-772 -0.42 -0.38 10.26 10.27
1952 1.06 0.43 9.47 9.54
1016 0.55 -0.36 10.56 10.59
2336 1.27 1.35 10.48 10.64
2568 1.40 3.36 7.93 8.73
1124 0.61 0.42 9.29 9.32
-88 -0.05 0.66 8.69 8.71
-928 -0.51 0.64 8.63 8.67
-728 -0.40 2.81 9.97 10.37
348 0.19 2.58 10.16 10.49
2220 1.21 2.99 6.95 7.66
3072 1.68 3.61 4.07 5.69
-1132 -0.62 2.09 8.77 9.04
-2012 -1.10 0.74 12.17 12.24
228 0.12 0.36 10.89 10.90
-1152 -0.63 1.16 10.93 11.01
108 0.06 1.18 10.26 10.33
-1408 -0.77 1.43 12.31 12.41
-276 -0.15 2.47 9.08 9.41
-512 -0.28 2.61 9.35 9.71
108 0.06 2.52 9.73 10.05
-488 -0.27 3.76 10.96 11.59
888 0.48 2.79 9.20 9.63
-496 -0.27 2.50 8.41 8.78
3936 2.15 3.72 6.47 7.77
4420 2.41 4.45 8.98 10.31
5672 3.09 4.08 7.49 9.08
5764 3.14 3.50 9.10 10.25
7324 3.99 3.26 7.34 8.97
7256 3.96 3.92 8.62 10.27
4604 2.51 2.46 9.57 10.20
7872 4.29 2.31 6.09 7.80
20968 11.43 2.09 4.35 12.41
15896 8.67 4.29 4.05 10.48
9980 5.44 3.32 4.98 8.09
7116 3.88 0.10 4.80 6.17
16456 8.97 2.24 5.01 10.51
15320 8.35 2.54 4.69 9.91
8540 4.66 3.41 6.93 9.02
10740 5.86 3.31 6.52 9.37
15152 8.26 1.96 3.85 9.32
14036 7.65 3.13 5.02 9.67
14080 7.68 1.88 3.69 8.72
11312 6.17 0.71 5.73 8.45
10884 5.93 1.68 7.49 9.70
11604 6.33 0.89 7.39 9.77
11444 6.24 1.17 7.20 9.60
10768 5.87 2.17 6.65 9.13
8472 4.62 2.59 8.21 9.77
8008 4.37 1.98 9.09 10.28
6296 3.43 1.82 8.67 9.50
6108 3.33 -0.05 8.67 9.29
6024 3.28 -0.51 9.35 9.92
8204 4.47 -0.33 8.18 9.33
6660 3.63 -0.02 7.61 8.43
4636 2.53 -0.88 8.84 9.23
3924 2.14 -1.50 9.94 10.28
7248 3.95 -2.35 7.43 8.74
7864 4.29 -2.94 7.41 9.05
4224 2.30 -2.07 10.98 11.41
8028 4.38 -2.06 7.25 8.71
10756 5.86 -2.48 7.73 10.01
7940 4.33 -2.96 11.26 12.42
8308 4.53 -3.31 8.61 10.27
8992 4.90 -4.78 3.17 7.55
9556 5.21 -5.93 2.70 8.35
8732 4.76 -5.85 3.07 8.14
12328 6.72 -10.27 0.84 12.31
11600 6.32 -6.08 -2.40 9.10
8800 4.80 -9.07 2.07 10.47
9576 5.22 -9.68 4.68 11.95
9672 5.27 -9.65 4.68 11.95
8164 4.45 -7.11 4.17 9.37
9348 5.10 -5.12 -0.93 7.28
5832 3.18 -7.03 0.29 7.72
4324 2.36 -5.25 4.76 7.47
4584 2.50 -8.55 5.59 10.52
2824 1.54 -7.06 3.17 7.89
6272 3.42 -6.95 4.44 8.93
-804 -0.44 -7.33 5.04 8.91
-1848 -1.01 -10.04 3.30 10.61
5756 3.14 -9.68 1.37 10.27
9212 5.02 -9.72 7.92 13.50
5868 3.20 -9.71 4.86 11.32
5456 2.97 -6.90 1.13 7.60
4180 2.28 -8.03 3.30 8.98
-444 -0.24 -8.79 6.70 11.05
448 0.24 -10.26 4.36 11.15
6300 3.44 -7.82 0.39 8.55
-68 -0.04 -9.40 5.36 10.82
-1176 -0.64 -8.40 2.60 8.82
2744 1.50 -7.49 0.77 7.67
7984 4.35 -10.31 0.29 11.20
3588 1.96 -9.99 2.93 10.60
4172 2.27 -5.42 5.15 7.82
6152 3.35 -8.48 1.24 9.20
2284 1.25 -8.34 -2.87 8.91
1908 1.04 -6.78 -0.57 6.88
1012 0.55 -7.55 -2.80 8.07
2484 1.35 -8.03 0.45 8.15
1552 0.85 -8.41 -2.87 8.93
812 0.44 -10.87 -8.31 13.69
24 0.01 -9.14 -4.44 10.16
-1420 -0.77 -7.90 -0.33 7.94
-1864 -1.02 -8.26 -1.77 8.51
-2336 -1.27 -10.08 -3.20 10.65
-5300 -2.89 -8.97 -0.59 9.44
-5360 -2.92 -9.50 -1.18 10.01
-1464 -0.80 -8.07 -1.03 8.18
-4740 -2.58 -7.25 4.30 8.81
-3788 -2.07 -8.52 0.20 8.77
-4532 -2.47 -10.20 -1.89 10.66
-9864 -5.38 -9.04 3.24 11.01
-3612 -1.97 -7.59 2.28 8.16
804 0.44 -8.01 0.13 8.02
-1612 -0.88 -8.79 1.49 8.96
-3632 -1.98 -8.43 1.68 8.82
-1320 -0.72 -9.40 0.98 9.48
-5200 -2.84 -8.34 5.78 10.54
-3180 -1.73 -6.65 4.54 8.23
-3040 -1.66 -7.64 3.69 8.64
-4656 -2.54 -8.62 2.46 9.31
-3484 -1.90 -9.35 0.63 9.56
-7280 -3.97 -9.67 2.23 10.69
-4808 -2.62 -9.24 -0.05 9.60
-6152 -3.35 -9.26 -0.71 9.87
-10256 -5.59 -9.79 3.07 11.69
-5224 -2.85 -8.19 -0.15 8.67
-1552 -0.85 -10.17 0.51 10.21
-1460 -0.80 -7.78 -1.29 7.92
2780 1.52 -8.29 -4.92 9.76
592 0.32 -9.87 -6.34 11.74
-52 -0.03 -7.65 -0.75 7.69
8076 4.40 -6.52 -0.21 7.87
11156 6.08 -7.17 0.11 9.41
6848 3.73 -6.15 3.36 7.94
7776 4.24 -5.80 2.40 7.58
8012 4.37 -7.50 4.39 9.73
3812 2.08 -5.81 8.40 10.42
7512 4.10 -5.68 7.04 9.93
8860 4.83 -4.35 5.82 8.72
5876 3.20 -2.47 6.59 7.73
4796 2.62 -3.47 6.99 8.23
1160 0.63 -1.68 10.84 10.99
3700 2.02 -1.12 9.88 10.15
2528 1.38 -1.92 9.83 10.11
4028 2.20 0.49 8.19 8.50
1588 0.87 2.52 9.86 10.21
7160 3.90 2.21 11.09 11.96
2528 1.38 4.45 8.67 9.84
2036 1.11 4.61 7.35 8.74
1676 0.91 4.96 6.88 8.53
352 0.19 7.50 8.59 11.40
400 0.22 6.77 7.94 10.44
3344 1.82 6.92 5.41 8.97
-1848 -1.01 7.52 3.95 8.55
-4692 -2.56 8.28 3.76 9.45
-2132 -1.16 6.85 4.82 8.46
-3788 -2.07 7.23 5.98 9.60
-6220 -3.39 7.64 4.14 9.33
-7396 -4.03 7.23 1.44 8.40
-8368 -4.56 6.16 4.76 9.02
-9660 -5.27 6.34 5.43 9.87
-9744 -5.31 4.51 2.63 7.44
-8636 -4.71 4.94 3.65 7.74
-9232 -5.03 4.37 4.74 8.18
-11376 -6.20 3.42 4.75 8.53
-13892 -7.57 3.29 6.32 10.40
-13272 -7.24 2.84 4.96 9.22
-11884 -6.48 2.21 8.56 10.96
-12456 -6.79 1.62 7.64 10.35
-10660 -5.81 1.74 6.56 8.94
-8756 -4.77 1.26 9.54 10.74
-9272 -5.06 -0.28 10.53 11.68
-9644 -5.26 1.33 10.77 12.06
-6124 -3.34 1.28 9.69 10.33
-3528 -1.92 1.19 7.30 7.64
-1836 -1.00 3.00 5.00 5.91
-7236 -3.95 5.86 7.94 10.63
-8020 -4.37 6.75 8.66 11.82
-5388 -2.94 5.75 6.25 8.99
-2944 -1.61 5.15 4.11 6.78
-5008 -2.73 6.39 5.21 8.68
-6312 -3.44 9.44 4.65 11.07
-1248 -0.68 9.55 3.58 10.22
2548 1.39 7.47 1.66 7.78
5336 2.91 8.36 0.50 8.86
3832 2.09 9.63 -0.09 9.85
6036 3.29 9.74 -0.81 10.31
8620 4.70 7.98 -0.17 9.27
8520 4.65 7.85 0.88 9.16
7336 4.00 8.25 1.04 9.23
10420 5.68 6.89 -2.21 9.20
17308 9.44 4.97 -2.02 10.86
14916 8.13 3.63 1.17 8.98
9724 5.30 4.05 4.82 8.23
15432 8.41 2.87 3.02 9.39
20436 11.14 2.81 4.78 12.44
13940 7.60 2.91 4.28 9.20
13268 7.23 1.50 4.48 8.64
8640 4.71 0.97 7.05 8.53
11848 6.46 -1.56 4.08 7.80
6412 3.50 -2.50 7.15 8.34
3848 2.10 -3.08 7.15 8.06
9120 4.97 -3.92 7.69 9.96
7668 4.18 -2.63 7.75 9.19
7408 4.04 -4.10 5.76 8.14
8420 4.59 -5.38 6.06 9.32
7136 3.89 -3.24 7.34 8.92
9600 5.23 -2.67 7.23 9.32
9388 5.12 -2.91 7.27 9.35
4936 2.69 -3.23 5.57 6.98
6404 3.49 -0.64 8.18 8.91
3308 1.80 0.11 12.86 12.99
3312 1.81 -0.96 10.40 10.60
5096 2.78 -0.60 8.84 9.29
5276 2.88 -0.14 10.29 10.69
9440 5.15 0.68 8.88 10.28
3280 1.79 -0.63 10.44 10.62
3952 2.15 0.05 12.31 12.50
5876 3.20 -0.67 8.47 9.08
6148 3.35 -0.35 7.94 8.62
4352 2.37 -0.29 8.28 8.62
3648 1.99 -0.44 10.02 10.23
6100 3.33 -0.79 7.06 7.85
5948 3.24 -0.46 2.22 3.96
420 0.23 0.68 7.70 7.73
3192 1.74 0.52 1.76 2.53
-960 -0.52 0.46 12.12 12.14
3624 1.98 0.89 9.12 9.38
336 0.18 0.07 9.61 9.61
216 0.12 0.02 9.57 9.57
600 0.33 0.39 9.63 9.65
-1120 -0.61 -0.51 9.40 9.44
280 0.15 0.01 9.49 9.49
132 0.07 0.03 9.59 9.59
180 0.10 0.06 9.59 9.59
148 0.08 0.02 9.62 9.62
252 0.14 0.00 9.64 9.64
172 0.09 0.05 9.66 9.66
132 0.07 0.04 9.61 9.61
148 0.08 0.03 9.61 9.61
252 0.14 0.06 9.63 9.63
196 0.11 0.07 9.60 9.60
260 0.14 0.04 9.56 9.56
192 0.10 0.03 9.59 9.59
284 0.15 -0.01 9.63 9.63
172 0.09 -0.01 9.68 9.68
140 0.08 0.07 9.54 9.54
208 0.11 0.01 9.62 9.62
240 0.13 0.05 9.60 9.60
136 0.07 0.01 9.57 9.57
272 0.15 -0.02 9.57 9.57
248 0.14 0.01 9.59 9.59
200 0.11 0.04 9.61 9.61
144 0.08 -0.05 9.61 9.61
200 0.11 -0.01 9.51 9.51
164 0.09 0.03 9.59 9.59
176 0.10 0.06 9.63 9.63
148 0.08 -0.03 9.54 9.54
208 0.11 -0.02 9.62 9.63
188 0.10 0.05 9.57 9.57
116 0.06 0.02 9.60 9.60
140 0.08 0.05 9.62 9.62
180 0.10 0.07 9.62 9.62
256 0.14 0.00 9.64 9.64
140 0.08 -0.01 9.71 9.71
64 0.03 0.02 9.61 9.61
152 0.08 0.01 9.59 9.59
168 0.09 0.01 9.54 9.54
244 0.13 0.03 9.61 9.61
56 0.03 0.07 9.60 9.60
280 0.15 0.03 9.57 9.57
184 0.10 0.02 9.56 9.56
244 0.13 0.09 9.53 9.53
156 0.09 0.06 9.71 9.71
64 0.03 0.03 9.64 9.64
208 0.11 -0.02 9.61 9.61
224 0.12 0.03 9.55 9.55
172 0.09 -0.01 9.61 9.61
200 0.11 -0.02 9.63 9.63
192 0.10 0.02 9.63 9.63
260 0.14 0.04 9.58 9.58
228 0.12 0.05 9.64 9.64
156 0.09 -0.00 9.58 9.58
228 0.12 0.02 9.61 9.61
160 0.09 -0.01 9.58 9.58
172 0.09 0.02 9.69 9.70
224 0.12 -0.02 9.56 9.56
168 0.09 0.03 9.69 9.69
204 0.11 0.05 9.67 9.67
164 0.09 0.04 9.57 9.57
160 0.09 0.02 9.61 9.61
208 0.11 -0.02 9.56 9.56
256 0.14 0.02 9.62 9.62
224 0.12 0.09 9.59 9.59
116 0.06 0.03 9.66 9.66
160 0.09 0.09 9.66 9.66
228 0.12 0.04 9.61 9.61
144 0.08 0.07 9.58 9.58
208 0.11 0.04 9.62 9.62
260 0.14 -0.05 9.66 9.66
200 0.11 0.02 9.60 9.60
152 0.08 -0.03 9.59 9.59
128 0.07 0.02 9.64 9.64
104 0.06 0.04 9.66 9.66
208 0.11 0.03 9.63 9.63
236 0.13 0.01 9.59 9.59
224 0.12 -0.06 9.63 9.63
200 0.11 0.01 9.62 9.63
312 0.17 0.08 9.46 9.47
148 0.08 -0.02 9.65 9.65
188 0.10 0.04 9.64 9.64
156 0.09 0.05 9.59 9.59
264 0.14 0.01 9.56 9.56
244 0.13 0.01 9.61 9.61
84 0.05 0.04 9.68 9.68
160 0.09 -0.03 9.51 9.51
176 0.10 0.04 9.60 9.60
144 0.08 0.02 9.58 9.58
176 0.10 0.01 9.65 9.65
72 0.04 0.03 9.61 9.61
220 0.12 -0.01 9.61 9.61
180 0.10 0.03 9.60 9.60
256 0.14 0.05 9.49 9.50
92 0.05 0.03 9.63 9.63
116 0.06 0.10 9.57 9.58
204 0.11 0.04 9.59 9.59
128 0.07 0.03 9.59 9.59
128 0.07 0.02 9.58 9.58
184 0.10 0.07 9.57 9.57
216 0.12 0.05 9.67 9.67
76 0.04 0.01 9.56 9.56
268 0.15 0.04 9.62 9.62
136 0.07 0.02 9.64 9.64
140 0.08 0.04 9.54 9.54
200 0.11 0.05 9.58 9.58
44 0.02 -0.07 9.64 9.64
208 0.11 0.03 9.63 9.63
200 0.11 0.01 9.66 9.66
84 0.05 0.03 9.62 9.62
196 0.11 0.01 9.63 9.63
80 0.04 0.01 9.60 9.60
216 0.12 0.10 9.50 9.51
220 0.12 0.03 9.59 9.59
224 0.12 0.10 9.64 9.64
212 0.12 0.02 9.61 9.61
228 0.12 0.04 9.56 9.56
292 0.16 0.04 9.60 9.60
148 0.08 0.03 9.65 9.65
148 0.08 0.04 9.68 9.68
188 0.10 0.02 9.67 9.67
188 0.10 0.05 9.66 9.66
160 0.09 0.03 9.57 9.57
92 0.05 0.01 9.56 9.56
160 0.09 0.02 9.57 9.57
228 0.12 0.05 9.64 9.65
444 0.24 0.05 9.30 9.31
340 0.19 0.03 9.48 9.48
148 0.08 0.10 9.58 9.58
228 0.12 -0.01 9.61 9.61
96 0.05 0.04 9.64 9.64
176 0.10 0.02 9.59 9.59
236 0.13 0.01 9.66 9.66
128 0.07 0.04 9.63 9.63
128 0.07 0.01 9.57 9.57
104 0.06 0.06 9.74 9.74
224 0.12 0.03 9.62 9.62
-272 -0.15 -0.66 9.64 9.66
248 0.14 0.41 9.65 9.66
40 0.02 0.07 9.65 9.65
188 0.10 0.00 9.51 9.51
276 0.15 -0.02 9.59 9.59
60 0.03 -0.02 9.67 9.67
388 0.21 0.00 9.55 9.55
212 0.12 -0.12 9.45 9.45
44 0.02 0.14 9.65 9.65
200 0.11 0.02 9.66 9.66
176 0.10 0.04 9.61 9.61
164 0.09 0.00 9.67 9.67
200 0.11 0.00 9.66 9.66
188 0.10 0.01 9.45 9.46
144 0.08 0.05 9.63 9.63
100 0.05 0.04 9.64 9.64
140 0.08 0.05 9.66 9.66
320 0.17 0.07 9.52 9.52
132 0.07 0.01 9.68 9.68
132 0.07 -0.02 9.64 9.64
240 0.13 0.02 9.56 9.56
212 0.12 0.02 9.54 9.54
224 0.12 0.04 9.52 9.52
184 0.10 0.06 9.64 9.64
240 0.13 0.05 9.64 9.64
156 0.09 0.02 9.68 9.68
160 0.09 0.03 9.57 9.57
188 0.10 -0.02 9.66 9.66
204 0.11 0.01 9.56 9.56
200 0.11 0.06 9.59 9.59
172 0.09 0.01 9.68 9.68
216 0.12 0.01 9.68 9.68
144 0.08 0.00 9.60 9.60
212 0.12 0.02 9.68 9.68
76 0.04 0.03 9.60 9.60
172 0.09 0.09 9.59 9.59
244 0.13 0.01 9.65 9.65
140 0.08 0.05 9.58 9.58
156 0.09 0.07 9.62 9.63
204 0.11 0.07 9.69 9.69
228 0.12 0.02 9.64 9.64
248 0.14 0.01 9.58 9.58
256 0.14 0.03 9.58 9.58
160 0.09 0.00 9.64 9.64
152 0.08 -0.00 9.68 9.68
208 0.11 0.02 9.63 9.63
152 0.08 0.07 9.61 9.61
100 0.05 0.05 9.65 9.65
124 0.07 0.07 9.57 9.58
148 0.08 0.05 9.64 9.64
140 0.08 0.01 9.72 9.72
120 0.07 0.01 9.64 9.64
176 0.10 0.05 9.57 9.58
224 0.12 0.05 9.68 9.68
232 0.13 0.05 9.65 9.65
308 0.17 0.03 9.54 9.55
176 0.10 0.05 9.56 9.56
192 0.10 0.01 9.61 9.61
88 0.05 0.01 9.58 9.58
256 0.14 0.03 9.61 9.61
196 0.11 0.04 9.61 9.61
140 0.08 0.07 9.66 9.66
232 0.13 0.01 9.54 9.54
96 0.05 0.04 9.62 9.62
132 0.07 0.07 9.56 9.56
256 0.14 0.05 9.62 9.62
196 0.11 0.01 9.65 9.65
160 0.09 0.07 9.57 9.57
160 0.09 0.03 9.54 9.54
224 0.12 0.04 9.66 9.66
156 0.09 -0.02 9.53 9.53
88 0.05 0.05 9.79 9.80
136 0.07 0.07 9.78 9.78
236 0.13 -0.00 9.57 9.57
84 0.05 0.02 9.57 9.57
364 0.20 0.06 9.54 9.54
180 0.10 0.00 9.60 9.60
192 0.10 -0.03 9.59 9.59
72 0.04 0.02 9.64 9.64
84 0.05 0.05 9.61 9.61
-392 -0.21 -0.00 9.99 9.99
208 0.11 0.04 9.64 9.64
208 0.11 0.04 9.66 9.66
240 0.13 0.04 9.71 9.71
224 0.12 -0.02 9.66 9.66
92 0.05 0.05 9.47 9.47
108 0.06 0.03 9.55 9.55
172 0.09 0.03 9.60 9.60
104 0.06 0.00 9.60 9.60
148 0.08 -0.01 9.64 9.64
100 0.05 -0.01 9.56 9.56
380 0.21 0.12 9.52 9.52
196 0.11 0.06 9.61 9.61
288 0.16 0.06 9.58 9.58
288 0.16 0.09 9.53 9.53
84 0.05 0.01 9.60 9.60
328 0.18 0.09 9.64 9.64
184 0.10 0.05 9.65 9.65
284 0.15 0.01 9.58 9.58
140 0.08 0.03 9.59 9.59
116 0.06 0.02 9.58 9.58
208 0.11 0.02 9.55 9.55
236 0.13 0.02 9.59 9.59
168 0.09 0.07 9.56 9.56
196 0.11 0.01 9.56 9.56
128 0.07 -0.01 9.64 9.64
140 0.08 0.04 9.55 9.55
176 0.10 0.02 9.71 9.71
216 0.12 0.02 9.52 9.52
280 0.15 0.04 9.64 9.64
232 0.13 0.05 9.58 9.58
96 0.05 0.07 9.59 9.59
200 0.11 0.07 9.56 9.56
216 0.12 -0.02 9.67 9.67
132 0.07 0.03 9.63 9.63
228 0.12 0.04 9.61 9.61
152 0.08 0.05 9.57 9.57
144 0.08 0.02 9.65 9.65
176 0.10 0.03 9.58 9.58
260 0.14 0.02 9.59 9.59
256 0.14 0.03 9.61 9.61
208 0.11 -0.02 9.66 9.66
180 0.10 0.04 9.58 9.58
152 0.08 -0.01 9.61 9.61
136 0.07 0.03 9.64 9.64
232 0.13 0.07 9.50 9.50
