-144 -0.08 -0.34 9.59 9.59
-188 -0.10 -0.42 9.54 9.55
-196 -0.11 -0.36 9.65 9.65
-220 -0.12 -0.39 9.69 9.70
-428 -0.23 -0.39 9.61 9.62
-296 -0.16 -0.44 9.56 9.58
-128 -0.07 -0.34 9.42 9.43
-192 -0.10 -0.37 9.37 9.38
-320 -0.17 -0.40 9.49 9.50
-308 -0.17 -0.41 9.61 9.62
-196 -0.11 -0.43 9.76 9.77
-268 -0.15 -0.43 9.70 9.71
-416 -0.23 -0.41 9.73 9.74
-324 -0.18 -0.39 9.52 9.53
-200 -0.11 -0.38 9.45 9.46
-360 -0.20 -0.41 9.45 9.46
-320 -0.17 -0.41 9.50 9.51
-268 -0.15 -0.36 9.64 9.64
-172 -0.09 -0.41 9.60 9.61
-360 -0.20 -0.40 9.63 9.64
-304 -0.17 -0.39 9.68 9.68
-268 -0.15 -0.42 9.53 9.54
-224 -0.12 -0.39 9.50 9.51
-184 -0.10 -0.40 9.51 9.52
-312 -0.17 -0.34 9.49 9.50
-344 -0.19 -0.41 9.59 9.60
-300 -0.16 -0.39 9.58 9.59
-236 -0.13 -0.47 9.76 9.77
-320 -0.17 -0.38 9.73 9.74
-260 -0.14 -0.46 9.74 9.76
-164 -0.09 -0.38 9.50 9.51
-352 -0.19 -0.39 9.41 9.42
-460 -0.25 -0.45 9.48 9.50
-200 -0.11 -0.38 9.52 9.53
-224 -0.12 -0.38 9.64 9.65
-292 -0.16 -0.38 9.74 9.75
-352 -0.19 -0.40 9.59 9.60
-268 -0.15 -0.41 9.56 9.57
-136 -0.07 -0.36 9.50 9.51
-256 -0.14 -0.39 9.55 9.56
-392 -0.21 -0.39 9.55 9.56
-296 -0.16 -0.39 9.59 9.60
-200 -0.11 -0.41 9.65 9.66
-352 -0.19 -0.38 9.72 9.73
-472 -0.26 -0.38 9.62 9.63
-276 -0.15 -0.41 9.60 9.61
-136 -0.07 -0.38 9.48 9.48
-428 -0.23 -0.43 9.50 9.52
-352 -0.19 -0.42 9.57 9.58
-288 -0.16 -0.38 9.66 9.67
-108 -0.06 -0.39 9.73 9.73
-224 -0.12 -0.36 9.69 9.70
-436 -0.24 -0.37 9.66 9.67
-184 -0.10 -0.39 9.50 9.50
-136 -0.07 -0.37 9.47 9.48
-404 -0.22 -0.37 9.44 9.45
-412 -0.22 -0.40 9.51 9.52
-160 -0.09 -0.40 9.56 9.57
-260 -0.14 -0.38 9.67 9.68
-516 -0.28 -0.39 9.53 9.54
-308 -0.17 -0.39 9.74 9.75
-28 -0.02 -0.40 9.71 9.72
-28 -0.02 -0.37 9.64 9.65
-336 -0.18 -0.35 9.54 9.55
-456 -0.25 -0.37 9.48 9.49
-80 -0.04 -0.37 9.42 9.43
-132 -0.07 -0.41 9.43 9.44
-576 -0.31 -0.40 9.61 9.63
-408 -0.22 -0.36 9.75 9.76
152 0.08 -0.42 9.80 9.81
-188 -0.10 -0.37 9.69 9.70
-564 -0.31 -0.43 9.47 9.48
-232 -0.13 -0.41 9.29 9.30
-64 -0.03 -0.41 9.23 9.24
-388 -0.21 -0.38 9.32 9.33
-388 -0.21 -0.37 9.61 9.62
-316 -0.17 -0.39 9.93 9.94
-68 -0.04 -0.48 9.88 9.89
-244 -0.13 -0.38 9.64 9.65
-372 -0.20 -0.35 9.48 9.49
-252 -0.14 -0.36 9.42 9.43
-12 -0.01 -0.40 9.33 9.34
5788 3.16 -0.17 4.13 5.20
-8184 -4.46 -0.41 8.48 9.59
420 0.23 -0.46 8.60 8.62
3796 2.07 -0.69 10.26 10.49
1380 0.75 -0.49 9.23 9.28
-2408 -1.31 -0.69 8.97 9.10
-2928 -1.60 -0.68 9.34 9.50
312 0.17 -0.79 10.33 10.36
1340 0.73 -0.73 10.48 10.53
572 0.31 -0.85 10.48 10.51
-1628 -0.89 -0.80 9.34 9.42
-468 -0.26 -0.83 9.18 9.22
708 0.39 -0.86 8.98 9.03
1160 0.63 -0.90 9.11 9.17
512 0.28 -0.94 9.35 9.40
-816 -0.44 -1.00 9.82 9.88
932 0.51 -0.98 9.56 9.62
644 0.35 -1.11 11.46 11.52
2192 1.20 -1.07 10.77 10.88
3208 1.75 -1.04 9.83 10.04
2700 1.47 -1.10 9.11 9.30
-1396 -0.76 -1.14 9.11 9.21
-3792 -2.07 -1.19 9.10 9.41
-3560 -1.94 -1.22 9.45 9.73
-3812 -2.08 -1.29 9.99 10.29
-1084 -0.59 -1.28 11.00 11.09
2168 1.18 -1.21 10.99 11.12
924 0.50 -1.17 10.07 10.15
-536 -0.29 -1.16 9.30 9.38
-2096 -1.14 -1.19 9.15 9.29
720 0.39 -1.17 8.70 8.78
1548 0.84 -1.19 9.10 9.22
424 0.23 -1.26 9.41 9.50
-164 -0.09 -1.32 10.60 10.68
-144 -0.08 -1.31 10.88 10.96
1520 0.83 -1.31 10.24 10.36
1084 0.59 -1.22 8.97 9.07
-1904 -1.04 -1.18 8.41 8.55
-2420 -1.32 -1.21 8.59 8.78
-428 -0.23 -1.24 9.86 9.95
2476 1.35 -1.26 10.91 11.06
1244 0.68 -1.36 11.09 11.20
-704 -0.38 -1.31 10.18 10.27
-952 -0.52 -1.24 8.77 8.87
844 0.46 -1.15 8.28 8.38
-240 -0.13 -1.12 8.37 8.44
-924 -0.50 -1.25 8.84 8.94
-336 -0.18 -1.26 9.38 9.46
56 0.03 -1.24 9.81 9.89
1912 1.04 -1.23 10.09 10.22
624 0.34 -1.34 9.93 10.03
-124 -0.07 -1.23 9.81 9.88
-1272 -0.69 -1.29 9.54 9.66
-1124 -0.61 -1.28 9.22 9.33
1164 0.63 -1.27 9.29 9.40
88 0.05 -1.21 9.18 9.26
-288 -0.16 -1.30 9.31 9.40
-452 -0.25 -1.24 9.62 9.71
-464 -0.25 -1.22 9.85 9.93
756 0.41 -1.26 9.83 9.92
432 0.24 -1.35 9.69 9.78
-396 -0.22 -1.30 9.59 9.68
316 0.17 -1.35 9.56 9.66
1380 0.75 -1.60 9.27 9.44
-988 -0.54 -1.27 9.72 9.82
-1384 -0.75 -1.31 9.32 9.44
284 0.15 -1.31 9.70 9.79
1548 0.84 -1.27 10.25 10.36
-1124 -0.61 -1.32 11.79 11.88
-1040 -0.57 -1.74 17.87 17.96
1532 0.84 -2.47 17.87 18.06
-1988 -1.08 -3.13 17.87 18.17
3180 1.73 -3.70 -0.66 4.14
7268 3.96 -2.13 -16.33 16.94
-3824 -2.09 -0.30 -17.87 17.99
1504 0.82 -0.92 -17.01 17.06
-1812 -0.99 -2.48 16.66 16.87
-4020 -2.19 -2.43 17.87 18.16
-892 -0.49 -2.35 17.87 18.03
1288 0.70 -2.44 17.87 18.05
2508 1.37 -1.42 -4.63 5.04
-368 -0.20 0.26 -17.87 17.87
8 0.00 0.21 -17.87 17.87
-356 -0.19 -0.56 -4.74 4.77
-848 -0.46 -2.03 17.87 17.99
-2504 -1.37 -2.23 17.87 18.06
436 0.24 -2.02 17.87 17.98
-272 -0.15 -1.86 17.87 17.96
340 0.19 -0.88 -6.95 7.00
684 0.37 0.48 -17.87 17.88
1044 0.57 0.12 -16.37 16.38
-2360 -1.29 -0.86 2.96 3.34
76 0.04 -1.57 17.87 17.94
240 0.13 -1.49 17.87 17.93
-1884 -1.03 -1.66 17.87 17.97
-996 -0.54 -1.37 14.37 14.44
1204 0.66 -0.42 -7.61 7.64
352 0.19 0.46 -16.22 16.22
-1928 -1.05 -0.00 -9.67 9.72
260 0.14 -0.88 8.51 8.56
1016 0.55 -1.30 17.87 17.92
-660 -0.36 -1.35 17.87 17.92
-2888 -1.57 -1.40 17.87 17.99
1536 0.84 -0.97 8.23 8.33
1040 0.57 -0.16 -5.96 5.99
-956 -0.52 0.06 -10.77 10.79
-2344 -1.28 -0.17 -3.54 3.77
1624 0.89 -0.73 12.64 12.70
1056 0.58 -1.04 17.87 17.91
-2368 -1.29 -1.15 17.87 17.95
-1628 -0.89 -0.94 17.75 17.79
3292 1.79 -0.63 2.14 2.87
-148 -0.08 0.06 -6.24 6.24
-2524 -1.38 -0.21 -6.10 6.26
-312 -0.17 -0.34 4.49 4.50
2540 1.38 -0.82 16.99 17.06
-868 -0.47 -1.08 17.87 17.91
-3844 -2.10 -0.96 17.87 18.01
1476 0.80 -0.67 11.79 11.84
2292 1.25 -0.33 0.24 1.31
-2076 -1.13 0.14 -5.08 5.21
-2712 -1.48 -0.12 -1.38 2.03
1696 0.92 -0.52 9.41 9.47
1296 0.71 -0.88 17.87 17.90
-1972 -1.08 -0.98 17.87 17.93
