-252 -0.14 -0.30 9.43 9.44
-172 -0.09 -0.33 9.49 9.50
-200 -0.11 -0.28 9.45 9.46
-128 -0.07 -0.33 9.72 9.73
-336 -0.18 -0.37 9.92 9.93
-420 -0.23 -0.35 9.84 9.85
-216 -0.12 -0.36 9.68 9.68
-28 -0.02 -0.32 9.31 9.32
-256 -0.14 -0.31 9.21 9.22
-496 -0.27 -0.35 9.20 9.21
-284 -0.15 -0.34 9.42 9.43
-96 -0.05 -0.35 9.77 9.78
-420 -0.23 -0.36 9.99 10.00
-384 -0.21 -0.36 9.93 9.94
-248 -0.14 -0.32 9.63 9.64
-164 -0.09 -0.37 9.34 9.34
-268 -0.15 -0.33 9.14 9.15
-420 -0.23 -0.32 9.20 9.20
-368 -0.20 -0.34 9.38 9.39
-176 -0.10 -0.33 9.68 9.68
-252 -0.14 -0.32 9.87 9.88
-396 -0.22 -0.33 9.90 9.91
-296 -0.16 -0.31 9.63 9.63
-148 -0.08 -0.40 9.36 9.37
-340 -0.19 -0.34 9.27 9.28
-296 -0.16 -0.34 9.28 9.29
-188 -0.10 -0.38 9.43 9.44
-120 -0.07 -0.34 9.63 9.64
-400 -0.22 -0.29 9.77 9.78
-292 -0.16 -0.34 9.90 9.90
-148 -0.08 -0.37 9.66 9.67
-308 -0.17 -0.38 9.34 9.35
-376 -0.21 -0.32 9.18 9.18
-212 -0.12 -0.33 9.33 9.34
-192 -0.10 -0.32 9.48 9.48
-264 -0.14 -0.37 9.72 9.73
-364 -0.20 -0.40 9.82 9.83
-268 -0.15 -0.34 9.76 9.77
-220 -0.12 -0.34 9.63 9.64
-204 -0.11 -0.33 9.45 9.45
-324 -0.18 -0.32 9.30 9.30
-288 -0.16 -0.32 9.31 9.31
-256 -0.14 -0.32 9.44 9.44
-340 -0.19 -0.34 9.66 9.67
-440 -0.24 -0.39 9.81 9.82
-176 -0.10 -0.38 9.77 9.77
-152 -0.08 -0.39 9.70 9.71
-272 -0.15 -0.34 9.48 9.49
-368 -0.20 -0.36 9.27 9.28
-180 -0.10 -0.34 9.16 9.17
-280 -0.15 -0.39 9.46 9.47
-416 -0.23 -0.32 9.50 9.50
-340 -0.19 -0.32 9.86 9.86
32 0.02 -0.38 9.79 9.79
-52 -0.03 -0.28 9.79 9.79
-504 -0.27 -0.33 9.68 9.69
-316 -0.17 -0.33 9.45 9.45
-200 -0.11 -0.34 9.30 9.31
-256 -0.14 -0.33 9.17 9.17
-368 -0.20 -0.31 9.31 9.32
-56 -0.03 -0.38 9.60 9.60
-360 -0.20 -0.34 9.87 9.88
-540 -0.29 -0.39 9.88 9.89
-212 -0.12 -0.35 9.75 9.76
-188 -0.10 -0.32 9.28 9.29
-88 -0.05 -0.36 9.26 9.27
-280 -0.15 -0.31 9.37 9.37
-1056 -0.58 -0.33 9.58 9.60
140 0.08 -0.35 9.66 9.66
544 0.30 -0.35 9.90 9.91
-392 -0.21 -0.37 10.05 10.06
-1168 -0.64 -0.35 9.82 9.85
-228 -0.12 -0.35 9.14 9.14
200 0.11 -0.36 8.94 8.95
120 0.07 -0.24 8.97 8.97
-132 -0.07 -0.34 9.30 9.31
-876 -0.48 -0.35 9.40 9.42
-384 -0.21 -0.36 9.58 9.59
-196 -0.11 -0.37 9.02 9.03
-96 -0.05 -0.30 8.63 8.63
-176 -0.10 -0.36 8.67 8.68
180 0.10 -0.42 8.43 8.44
-492 -0.27 -0.43 9.14 9.15
-312 -0.17 -0.59 10.35 10.37
444 0.24 -0.53 10.23 10.25
280 0.15 -0.54 9.55 9.57
-876 -0.48 -0.58 9.26 9.29
-936 -0.51 -0.60 9.27 9.30
232 0.13 -0.58 9.04 9.06
-844 -0.46 -0.57 9.37 9.40
-1264 -0.69 -0.73 10.27 10.32
304 0.17 -0.73 10.33 10.36
260 0.14 -0.64 10.09 10.12
-680 -0.37 -0.74 10.09 10.12
-1136 -0.62 -0.76 9.48 9.53
-80 -0.04 -0.65 8.77 8.80
188 0.10 -0.67 8.93 8.96
-144 -0.08 -0.74 9.63 9.66
-584 -0.32 -0.82 10.26 10.30
-256 -0.14 -0.78 9.26 9.29
-204 -0.11 -0.74 8.91 8.94
-992 -0.54 -0.87 9.79 9.84
-20 -0.01 -0.79 7.38 7.43
-200 -0.11 -0.80 6.84 6.89
-792 -0.43 -1.00 11.15 11.20
-460 -0.25 -1.08 12.33 12.38
-264 -0.14 -1.06 12.07 12.11
-352 -0.19 -1.08 11.54 11.59
-2056 -1.12 -0.88 8.10 8.23
-628 -0.34 -0.83 6.74 6.80
1860 1.01 -0.75 5.35 5.49
-284 -0.15 -0.84 5.59 5.66
-488 -0.27 -1.03 7.20 7.28
-8072 -4.40 -1.64 17.06 17.70
-4676 -2.55 -4.43 17.87 18.58
932 0.51 -3.94 16.94 17.40
-368 -0.20 0.28 -17.87 17.87
-5676 -3.09 -0.18 -17.44 17.71
-1436 -0.78 0.25 -17.87 17.89
2096 1.14 -0.34 -17.87 17.91
-29500 -16.09 -1.59 17.69 23.96
2224 1.21 -3.53 17.87 18.25
-1304 -0.71 -2.95 17.87 18.12
-4280 -2.33 -3.65 17.87 18.38
6268 3.42 -3.31 7.11 8.56
-1924 -1.05 1.76 -17.87 17.98
256 0.14 0.42 -17.87 17.87
-244 -0.13 0.05 -15.72 15.72
2636 1.44 -0.40 -17.28 17.35
2984 1.63 -2.63 17.87 18.13
1060 0.58 -2.93 17.87 18.11
-2676 -1.46 -2.83 17.87 18.15
-356 -0.19 -1.70 17.87 17.95
2176 1.19 -1.36 -7.59 7.80
3556 1.94 -0.79 -16.07 16.20
1016 0.55 0.81 -17.87 17.89
796 0.43 -0.12 -12.64 12.64
-2916 -1.59 0.68 -2.34 2.91
1636 0.89 -0.86 17.87 17.91
-412 -0.22 -1.62 17.87 17.94
-1508 -0.82 -2.15 17.87 18.01
396 0.22 -1.72 7.18 7.38
-4868 -2.65 0.19 -17.82 18.02
1176 0.64 0.27 -14.76 14.78
1328 0.72 0.20 -12.97 13.00
4744 2.59 0.51 -17.87 18.06
-1420 -0.77 -0.40 17.77 17.79
-812 -0.44 -1.83 17.87 17.96
-888 -0.48 -1.80 17.87 17.96
-296 -0.16 -1.73 14.47 14.58
-5424 -2.96 -0.74 -6.21 6.91
-1564 -0.85 -0.39 -7.67 7.72
1852 1.01 -0.08 -11.47 11.51
-2208 -1.20 -1.00 2.73 3.14
1220 0.67 -1.03 17.87 17.91
892 0.49 -1.14 17.87 17.91
-448 -0.24 -1.47 17.87 17.93
336 0.18 -1.27 11.31 11.38
628 0.34 -0.53 -4.70 4.74
-112 -0.06 -0.04 -10.73 10.73
968 0.53 0.21 -12.00 12.01
-2388 -1.30 -1.14 10.20 10.35
-2452 -1.34 -1.45 17.87 17.98
-1388 -0.76 -1.54 17.87 17.95
-416 -0.23 -1.34 17.87 17.92
-924 -0.50 -0.95 7.91 7.99
-692 -0.38 -0.00 -6.72 6.73
184 0.10 0.16 -9.56 9.56
1532 0.84 1.10 -11.38 11.47
-840 -0.46 -0.43 8.40 8.43
-1224 -0.67 -1.07 17.87 17.91
-972 -0.53 -1.27 17.87 17.92
1040 0.57 -1.09 17.87 17.91
28 0.02 -0.77 6.46 6.50
-1652 -0.90 -0.04 -4.37 4.46
-560 -0.31 0.17 -7.93 7.94
1132 0.62 -0.15 -0.93 1.13
252 0.14 -0.62 11.73 11.75
-1292 -0.70 -0.95 17.87 17.91
-1104 -0.60 -1.03 17.87 17.91
808 0.44 -0.74 15.91 15.93
-612 -0.33 -0.53 4.84 4.88
-1040 -0.57 0.06 -3.22 3.27
120 0.07 0.07 -4.02 4.02
592 0.32 -0.23 2.62 2.65
-84 -0.05 -0.58 12.14 12.16
-1196 -0.65 -0.80 17.87 17.90
-280 -0.15 -0.85 17.87 17.89
624 0.34 -0.60 14.03 14.05
-672 -0.37 -0.37 4.81 4.84
-1252 -0.68 -0.03 -1.29 1.46
540 0.29 -0.03 -1.07 1.11
560 0.31 -0.27 5.28 5.29
-452 -0.25 -0.59 13.35 13.36
-1088 -0.59 -0.73 17.87 17.89
280 0.15 -0.68 17.87 17.88
732 0.40 -0.58 12.22 12Setup ended.
-324 -0.18 -0.35 8.82 8.83
-308 -0.17 -0.31 8.86 8.86
-340 -0.19 -0.39 8.88 8.89
-252 -0.14 -0.33 9.24 9.25
-296 -0.16 -0.39 9.66 9.67
-364 -0.20 -0.36 10.03 10.04
-240 -0.13 -0.38 10.17 10.18
-200 -0.11 -0.30 9.91 9.91
-260 -0.14 -0.35 9.48 9.49
-488 -0.27 -0.31 9.02 9.03
-244 -0.13 -0.30 9.00 9.01
-244 -0.13 -0.35 9.25 9.26
-220 -0.12 -0.35 9.74 9.75
-228 -0.12 -0.40 10.12 10.13
-368 -0.20 -0.32 10.18 10.19
-176 -0.10 -0.38 9.92 9.93
-324 -0.18 -0.33 9.38 9.38
-328 -0.18 -0.32 9.03 9.04
-288 -0.16 -0.31 8.88 8.89
-144 -0.08 -0.34 9.20 9.20
-372 -0.20 -0.30 9.70 9.71
-536 -0.29 -0.36 10.00 10.02
-328 -0.18 -0.35 9.95 9.96
-204 -0.11 -0.37 9.74 9.75
-248 -0.14 -0.34 9.35 9.35
-288 -0.16 -0.33 9.14 9.14
-260 -0.14 -0.31 9.17 9.18
-196 -0.11 -0.38 9.38 9.39
-484 -0.26 -0.44 9.71 9.72
-496 -0.27 -0.37 10.00 10.01
-204 -0.11 -0.35 10.05 10.06
-120 -0.07 -0.42 9.73 9.73
-388 -0.21 -0.37 9.27 9.28
-456 -0.25 -0.40 9.16 9.17
-196 -0.11 -0.38 9.10 9.11
-196 -0.11 -0.34 9.34 9.34
-312 -0.17 -0.39 9.73 9.73
-424 -0.23 -0.42 10.02 10.03
-244 -0.13 -0.30 10.00 10.01
-164 -0.09 -0.39 9.75 9.76
-360 -0.20 -0.40 9.50 9.51
-400 -0.22 -0.34 9.18 9.19
-152 -0.08 -0.37 9.15 9.16
-216 -0.12 -0.33 9.26 9.26
-472 -0.26 -0.38 9.52 9.53
-368 -0.20 -0.38 9.90 9.90
-412 -0.22 -0.35 9.95 9.95
-328 -0.18 -0.39 9.84 9.85
-320 -0.17 -0.34 9.49 9.50
-236 -0.13 -0.32 9.28 9.28
-336 -0.18 -0.36 9.17 9.18
-276 -0.15 -0.35 9.19 9.20
-228 -0.12 -0.33 9.45 9.46
-460 -0.25 -0.36 9.76 9.77
-432 -0.24 -0.31 9.96 9.96
-192 -0.10 -0.33 9.73 9.73
-260 -0.14 -0.33 9.63 9.64
-288 -0.16 -0.36 9.30 9.31
-312 -0.17 -0.31 9.32 9.32
-336 -0.18 -0.32 9.36 9.37
-340 -0.19 -0.43 9.48 9.49
-260 -0.14 -0.28 9.71 9.72
-88 -0.05 -0.38 9.82 9.83
-284 -0.15 -0.39 9.72 9.73
-288 -0.16 -0.36 9.52 9.53
-424 -0.23 -0.33 9.38 9.39
-372 -0.20 -0.33 9.30 9.31
-384 -0.21 -0.30 9.41 9.42
-196 -0.11 -0.32 9.55 9.56
-384 -0.21 -0.35 9.71 9.72
-268 -0.15 -0.34 9.82 9.83
-352 -0.19 -0.31 9.71 9.71
-232 -0.13 -0.35 9.49 9.49
-308 -0.17 -0.35 9.41 9.41
-176 -0.10 -0.42 9.28 9.29
-316 -0.17 -0.38 9.42 9.43
-352 -0.19 -0.35 9.56 9.56
-248 -0.14 -0.33 9.70 9.71
-200 -0.11 -0.36 9.72 9.73
-384 -0.21 -0.34 9.67 9.68
-344 -0.19 -0.35 9.50 9.51
-240 -0.13 -0.30 9.35 9.35
-300 -0.16 -0.32 9.33 9.34
-288 -0.16 -0.32 9.50 9.51
-276 -0.15 -0.37 9.57 9.58
-320 -0.17 -0.35 9.74 9.75
-372 -0.20 -0.35 9.73 9.74
-256 -0.14 -0.34 9.60 9.61
-72 -0.04 -0.34 9.47 9.48
-380 -0.21 -0.34 9.39 9.40
-536 -0.29 -0.39 9.41 9.42
-172 -0.09 -0.36 9.47 9.48
-244 -0.13 -0.38 9.65 9.66
-356 -0.19 -0.39 9.81 9.82
-320 -0.17 -0.36 9.69 9.70
-204 -0.11 -0.37 9.69 9.70
-368 -0.20 -0.38 9.47 9.48
-320 -0.17 -0.36 9.45 9.46
-280 -0.15 -0.32 9.51 9.51
-296 -0.16 -0.33 9.46 9.47
-300 -0.16 -0.37 9.49 9.49
-944 -0.51 -0.33 9.29 9.31
-1128 -0.62 -0.37 10.07 10.10
-44 -0.02 -0.39 9.64 9.65
56 0.03 -0.10 9.39 9.39
