Setup ended.
628 0.34 -0.31 7.95 7.97
464 0.25 -0.42 11.02 11.03
200 0.11 -0.34 8.50 8.51
264 0.14 -0.34 10.19 10.20
88 0.05 -0.39 9.49 9.50
112 0.06 -0.38 9.32 9.33
172 0.09 -0.40 10.04 10.05
212 0.12 -0.34 8.75 8.75
260 0.14 -0.41 10.53 10.54
224 0.12 -0.31 8.53 8.54
464 0.25 -0.40 10.48 10.49
312 0.17 -0.34 8.78 8.79
376 0.21 -0.40 10.20 10.21
92 0.05 -0.34 9.17 9.18
280 0.15 -0.33 9.83 9.84
204 0.11 -0.39 9.57 9.58
112 0.06 -0.35 9.48 9.48
60 0.03 -0.39 9.92 9.93
-164 -0.09 -0.34 9.38 9.39
1768 0.96 -0.35 10.03 10.08
956 0.52 -0.31 8.61 8.63
-1592 -0.87 -0.33 9.87 9.91
-892 -0.49 -0.38 9.27 9.29
740 0.40 -0.26 9.37 9.39
472 0.26 -0.31 9.51 9.52
1832 1.00 -0.26 8.27 8.33
-864 -0.47 -0.43 8.77 8.79
500 0.27 -0.65 10.72 10.74
-276 -0.15 -0.66 8.92 8.95
1228 0.67 -0.69 7.86 7.92
-396 -0.22 -0.96 10.92 10.96
-1004 -0.55 -0.90 8.96 9.02
488 0.27 -0.91 8.82 8.88
364 0.20 -1.01 9.73 9.78
-68 -0.04 -1.06 9.83 9.89
448 0.24 -1.01 8.92 8.98
-716 -0.39 -1.18 10.79 10.86
1100 0.60 -1.10 9.58 9.66
-932 -0.51 -1.15 10.27 10.34
-296 -0.16 -1.12 9.44 9.51
940 0.51 -1.10 8.74 8.82
-804 -0.44 -1.20 9.10 9.19
1648 0.90 -1.11 6.79 6.94
3588 1.96 -1.54 17.17 17.35
3020 1.65 1.01 -17.87 17.97
-18312 -9.98 -3.26 17.87 20.73
17168 9.36 -2.40 -1.09 9.72
-11216 -6.12 -0.99 -7.67 9.86
1580 0.86 -2.62 17.87 18.08
752 0.41 0.13 -17.87 17.87
272 0.15 -2.24 17.87 18.01
-1928 -1.05 0.78 -17.87 17.91
1844 1.01 -1.62 17.87 17.97
916 0.50 -0.49 -9.81 9.83
1956 1.07 -1.21 17.87 17.94
32 0.02 -0.84 7.15 7.20
-2560 -1.40 -0.49 4.67 4.90
-2020 -1.10 -1.09 17.87 17.93
-804 -0.44 -0.15 -5.43 5.45
-120 -0.07 -1.08 17.87 17.90
-420 -0.23 0.22 -6.21 6.22
840 0.46 -1.02 17.87 17.90
948 0.52 -0.22 -1.30 1.41
2652 1.45 -0.72 17.19 17.26
1432 0.78 -0.30 5.45 5.52
-40 -0.02 -0.33 10.01 10.02
-908 -0.50 -0.57 12.11 12.13
-1548 -0.84 -0.25 4.56 4.64
-1884 -1.03 -0.63 15.83 15.87
-1876 -1.02 -0.22 2.38 2.60
-268 -0.15 -0.62 16.43 16.44
180 0.10 -0.12 3.25 3.25
1028 0.56 -0.50 14.70 14.72
1532 0.84 -0.25 5.76 5.83
1316 0.72 -0.40 11.79 11.81
664 0.36 -0.36 8.99 9.00
-108 -0.06 -0.38 8.85 8.86
-684 -0.37 -0.44 11.55 11.57
-1220 -0.67 -0.27 6.77 6.80
-768 -0.42 -0.49 13.00 13.01
-696 -0.38 -0.23 6.14 6.15
-84 -0.05 -0.51 12.85 12.86
60 0.03 -0.27 6.63 6.64
356 0.19 -0.47 11.96 11.97
352 0.19 -0.32 7.99 8.00
264 0.14 -0.37 10.43 10.44
180 0.10 -0.36 9.47 9.48
-220 -0.12 -0.36 8.99 9.00
-360 -0.20 -0.41 10.75 10.76
-460 -0.25 -0.27 8.09 8.10
-256 -0.14 -0.38 11.23 11.24
-320 -0.17 -0.30 7.82 7.83
-4 -0.00 -0.39 11.23 11.24
-160 -0.09 -0.38 8.08 8.09
20 0.01 -0.40 10.84 10.84
32 0.02 -0.31 8.78 8.79
-132 -0.07 -0.39 9.99 9.99
-228 -0.12 -0.40 9.54 9.54
-300 -0.16 -0.34 9.36 9.37
-388 -0.21 -0.36 10.18 10.19
-380 -0.21 -0.34 8.80 8.81
-192 -0.10 -0.40 10.61 10.62
-368 -0.20 -0.32 8.35 8.36
-140 -0.08 -0.39 10.75 10.76
-176 -0.10 -0.33 8.65 8.65
-108 -0.06 -0.41 10.31 10.32
-100 -0.05 -0.31 9.18 9.19
32 0.02 -0.40 9.85 9.86
-144 -0.08 -0.39 9.67 9.68
-252 -0.14 -0.35 9.32 9.33
-292 -0.16 -0.34 10.03 10.04
-440 -0.24 -0.36 9.10 9.11
-212 -0.12 -0.41 10.28 10.29
-180 -0.10 -0.34 9.01 9.02
-4 -0.00 -0.38 10.07 10.08
12 0.01 -0.32 9.18 9.19
160 0.09 -0.38 9.96 9.96
-16 -0.01 -0.39 9.39 9.40
24 0.01 -0.34 9.54 9.55
0 0.00 -0.36 9.56 9.56
-64 -0.03 -0.37 9.46 9.46
-32 -0.02 -0.37 9.65 9.66
-140 -0.08 -0.32 9.36 9.37
-60 -0.03 -0.33 9.77 9.78
48 0.03 -0.35 9.32 9.32
0 0.00 -0.39 9.82 9.82
-32 -0.02 -0.32 9.30 9.31
-124 -0.07 -0.38 9.89 9.90
92 0.05 -0.39 9.28 9.28
-12 -0.01 -0.37 9.68 9.69
24 0.01 -0.34 9.51 9.51
24 0.01 -0.39 9.57 9.58
140 0.08 -0.39 9.66 9.66
160 0.09 -0.34 9.25 9.26
92 0.05 -0.41 10.03 10.04
-4 -0.00 -0.39 9.16 9.17
0 0.00 -0.32 10.18 10.19
-164 -0.09 -0.34 9.04 9.04
-172 -0.09 -0.38 10.14 10.14
-44 -0.02 -0.31 9.09 9.09
-60 -0.03 -0.38 10.02 10.02
116 0.06 -0.34 9.37 9.38
120 0.07 -0.41 9.71 9.72
-60 -0.03 -0.37 9.55 9.56
-28 -0.02 -0.36 9.46 9.47
64 0.03 -0.45 9.94 9.95
24 0.01 -0.36 9.16 9.17
-132 -0.07 -0.34 10.13 10.13
-620 -0.34 -0.48 10.80 10.82
-424 -0.23 -0.31 8.98 8.99
708 0.39 -0.35 9.92 9.93
-480 -0.26 -0.43 9.69 9.70
-1112 -0.61 -0.36 9.11 9.13
-1128 -0.62 -0.41 9.52 9.54
-1000 -0.55 -0.42 9.47 9.49
-576 -0.31 -0.38 10.08 10.09
