5620	3088	15908	638	2132	-496
5552	812	18104	-161	-61	540
6168	2132	15608	-430	578	-102
4824	2660	16392	-333	299	-43
5460	2464	16508	-397	-309	214
5984	2644	17224	-95	593	121
5804	2692	16740	404	2151	-257
4852	2204	15880	-131	1082	-412
3672	2872	17056	-2380	-1782	-4
6540	4076	17508	-2197	-4212	1421
9236	-340	17124	2523	8415	-1110
3564	4200	18456	272	2635	28
4520	2928	16260	-1611	-3252	387
5756	2824	15660	-404	626	30
5312	2852	16564	-416	67	321
5224	2680	16708	-407	248	221
5332	2704	16644	-387	315	202
5484	2584	16504	-423	306	201
5488	2660	16600	-398	343	210
5388	2692	16648	-385	316	194
5568	2532	16636	-389	280	196
5532	2640	16520	-392	316	198
5568	2596	16780	-408	352	215
5548	2604	16608	-408	332	203
5548	2596	16484	-362	322	207
5468	2616	16568	-378	364	186
5376	2772	16500	-386	334	189
5680	2696	16548	-413	293	218
5736	2572	16556	-405	351	221
5500	2628	16616	-380	404	238
5224	2700	16632	-389	397	183
5404	2632	16544	-407	284	211
5492	2648	16520	-403	331	192
5276	2848	16616	-417	313	187
5320	2632	16468	-423	246	194
5544	2612	16668	-422	260	206
5736	2592	16780	-405	357	182
5644	2752	16600	-449	248	193
5504	2644	16512	-534	195	310
6120	2980	16488	-718	-189	-933
5992	2500	16528	-525	958	-532
4988	2816	17192	337	2241	-278
4612	2800	16412	-108	1293	-26
4464	2992	16404	-785	-433	579
4168	2952	15836	-1664	-2830	1135
6328	2532	17020	-638	169	1950
5560	2844	17288	-477	1413	-57
6020	2908	16932	-634	-129	243
5448	2672	16476	-498	187	303
5640	2592	16592	-397	290	241
5612	2536	16464	-395	320	203
5520	2592	16460	-382	358	189
5452	2728	16496	-382	364	209
5180	2708	16452	-384	311	218
5360	2736	16632	-388	291	231
5488	2712	16824	-428	277	200
5496	2604	16532	-395	259	205
5556	2596	16748	-387	240	200
5488	2672	16532	-437	275	215
5444	2644	16656	-437	237	207
5372	2748	16784	-440	304	193
5448	2576	16572	-425	256	222
5420	2628	16580	-430	238	214
5700	2540	16476	-444	269	195
5568	2632	16600	-433	269	222
5464	2616	16668	-426	304	187
5404	2640	16348	-418	285	218
5260	2540	16016	-425	326	211
4544	2920	16372	-398	208	176
5400	2496	16016	-269	215	146
5024	2884	17088	-445	18	136
5412	2840	16688	-453	-20	125
5764	2628	16996	-516	21	122
5400	2972	16888	-667	-472	300
6592	2012	16952	-487	31	120
7016	2328	16564	-499	-205	325
6052	2692	16284	-353	574	49
6544	2308	16644	-283	763	87
4432	3228	16924	-356	442	234
5056	2528	16532	-421	287	169
5684	2328	16172	-402	199	217
5648	2772	16804	-331	337	181
5620	2676	17192	-385	440	142
6424	3076	16632	-296	370	177
5536	2416	16860	-254	641	93
5456	2636	16436	-383	379	184
5312	2600	16688	-438	225	246
5544	2824	16680	-482	149	226
5576	2464	17060	-492	154	245
5264	2952	16684	-493	147	203
6372	2640	16892	-365	297	195
6300	2820	17200	-357	312	23
7388	2516	20596	-319	405	-486
7672	-796	17404	-1108	-272	932
2096	1100	11612	1650	5093	2640
3004	3280	12396	-1108	-634	-464
3552	2832	13432	-1267	-3221	394
3624	2156	14252	-1256	-3777	-143
5412	3172	15208	-560	-3040	69
1788	68	20392	2416	4537	1294
5948	4148	16952	-1571	-3482	-86
6716	2008	16940	-5660	-11326	-1619
12288	1180	18504	656	2996	811
4052	3624	21112	881	6070	-489
4680	4716	15288	329	1447	1636
3984	2712	16172	-1009	-1217	-35
6260	4908	17168	-1638	-3621	220
5928	4680	16824	700	2768	754
3724	3204	16300	525	2322	442
4368	3024	16624	-877	-505	113
4848	2768	16812	-938	-623	-127
5744	2164	15676	-793	-470	252
6532	2116	16500	-593	260	184
5808	2192	15736	-392	731	140
5696	2408	16556	-342	623	172
5256	2744	16716	-490	187	297
6004	2392	17116	-693	-182	330
5364	2796	17468	-202	1059	252
5020	2916	16912	-778	46	373
6008	2552	17344	-886	-278	392
5480	2652	16820	-419	1052	341
5228	2528	16528	-964	128	406
5576	2532	17176	-774	495	379
5332	2756	17132	-802	556	350
5300	2660	17072	-859	487	311
5296	2700	17064	-954	309	437
5416	2700	17284	-926	630	354
5128	2760	17300	-1008	554	349
5728	2636	17760	-1109	505	344
5664	2368	17404	-1175	634	368
5620	2288	17584	-1226	683	364
5344	2224	17208	-1247	803	325
5232	2552	17300	-1318	837	432
5868	2604	17480	-1465	1014	391
5808	2376	18788	-1622	639	587
5160	2220	17564	-1633	983	511
5076	2460	18012	-1552	1326	449
6108	2064	19600	-2126	391	739
6040	1784	18152	-2088	855	696
5612	1736	17664	-2155	1076	802
5944	2224	19244	-2332	1174	814
5928	2156	19756	-2535	1448	830
4976	1672	18280	-2684	1653	807
1344	-540	5296	-658	2410	472
200	-1764	6944	-92	1670	305
1136	-2416	10796	-819	64	306
3984	2540	16448	-1901	-1154	679
5496	1384	16908	-515	-1713	516
3928	1212	16900	1345	2836	-529
1892	-632	9540	2752	3972	267
4664	4120	23388	1589	465	-334
5996	2016	21672	-1033	-3021	69
7132	2012	21672	-2073	-3584	-436
5796	2508	17988	-693	1513	167
4576	2268	17980	-513	2518	121
3944	1820	16108	-1035	666	239
4756	192	14552	-1197	-364	370
4724	204	15040	-690	426	282
4508	684	15284	-412	484	284
4404	756	15800	-306	253	260
4208	1196	16028	-131	329	181
3824	1252	16324	79	498	88
4504	1452	17088	-274	-474	173
5472	1164	17916	-391	-401	180
5488	1332	17952	-202	337	101
5584	1396	17992	-443	134	225
5476	1440	18072	-425	462	220
5016	1420	17736	-458	708	214
4624	1388	16952	-572	628	257
4632	1220	16552	-635	356	283
4788	964	16488	-617	191	269
4692	936	16096	-381	454	188
4476	1084	16340	-294	500	168
4412	1180	16668	-407	101	224
4656	1228	16856	-317	171	202
4696	1284	16796	-267	232	152
5032	1256	17284	-332	146	172
5080	1328	17368	-352	165	184
4976	1340	17500	-350	292	164
5040	1240	17256	-439	286	196
4864	1312	17404	-438	433	189
4756	1332	17212	-492	316	197
4820	1128	16728	-479	376	180
4812	936	16728	-445	313	198
4644	1092	16512	-414	341	206
4628	1088	16700	-392	194	222
4808	1212	16940	-357	253	188
4836	1272	17096	-352	267	205
4916	1284	17056	-374	309	171
4880	1448	17072	-395	263	174
4988	1436	17336	-454	199	197
5060	1136	17280	-441	277	230
4872	1232	17140	-380	376	213
4872	1180	16876	-418	406	236
4852	1184	16820	-463	321	232
4680	1236	16924	-429	374	200
4656	1228	16908	-422	389	205
4748	1332	16928	-437	335	203
4720	1244	16768	-435	262	224
4792	1060	16928	-403	305	218
4868	1028	16696	-436	184	195
4816	1040	16496	-382	231	218
4832	1016	16236	-226	413	192
4248	1092	15668	-48	650	139
4360	716	15396	-121	-148	185
4148	864	15228	114	318	86
4264	896	15288	170	-78	112
4536	488	15224	387	-41	56
4688	1132	15556	450	-395	135
4844	1200	15644	627	-262	72
4780	1040	15488	766	-183	55
4244	1284	15524	1065	164	-44
3672	1624	15616	1122	163	-124
3644	1876	15220	1081	-577	-137
3848	1956	15604	1275	-467	-316
4520	2020	15688	1252	-754	-325
4732	2132	15756	1481	-607	-436
4860	2264	15884	1486	-702	-413
5616	2344	16688	1152	-1609	-281
5768	2436	16892	1579	-515	-432
5988	2540	16744	1484	-693	-380
5652	2560	16552	1602	-474	-376
8156	6880	17340	1540	-1962	-520
4208	584	21368	7873	7120	5527
8148	7120	19032	-4817	-5988	-1364
7408	1200	14368	-6101	-11348	-2784
9960	-2124	14640	-891	1735	-1871
4448	2496	18120	-491	5135	-1625
3056	4120	17532	2084	6847	2511
2984	3948	14632	1007	3277	2745
4564	3648	14452	-1840	-4395	1660
5352	2696	17304	-4386	-8670	-2046
7320	3468	16820	-648	1093	887
4792	2764	16568	250	1976	390
5044	2508	16012	-529	-213	231
4836	2648	16740	-263	803	117
5132	2724	16556	-464	55	261
5288	2676	16736	-371	358	180
5612	2708	17020	-388	196	207
5420	2756	16800	-372	387	165
5544	2568	16936	-397	348	209
5584	2520	16904	-401	406	212
5344	2616	16796	-433	412	237
5528	2636	16760	-463	374	271
5364	2724	17092	-419	686	171
5416	2600	17144	-787	-230	421
5888	2876	17744	-562	881	215
5848	3140	18452	-800	404	356
5456	3624	19068	-896	816	270
5820	3040	18664	-1271	427	332
6772	2776	19008	-1454	658	376
6128	3056	19232	-1549	1175	419
6436	2708	19072	-1925	883	542
6208	2916	18728	-2057	1180	595
6180	2732	18636	-2249	1279	669
6492	2700	18780	-2471	1227	780
6120	2524	18844	-2628	1348	865
5940	2448	18892	-2850	1498	951
5852	2208	18704	-3020	1528	1037
5632	2016	18888	-3187	1784	998
4716	2108	18200	-3269	1986	1001
1324	548	11264	-2218	2465	1251
3268	812	4368	-522	-251	-650
788	-3928	1360	-1192	-1538	2386
-108	-7404	4668	363	-655	9733
-3924	2884	28692	9701	-4850	19421
-1980	-9884	7336	15124	25284	8772
2840	5676	7368	967	13394	-6218
-2600	-704	19364	1100	9717	-5628
-1628	1744	6920	4234	5623	1850
-708	1780	19668	477	-1925	3659
2364	3992	21468	-6300	-13113	-3241
3784	3944	21448	-6675	-17045	-593
3692	1064	19644	-8395	-17931	2712
7336	-416	13692	-3988	-5742	3942
7416	-1608	14180	2474	7150	-1455
984	40	17244	2521	10271	-1567
1380	2560	14640	1091	4547	1638
1908	1708	15120	-2427	-5695	602
4116	288	15588	-3611	-8459	-716
7180	308	18120	29	1355	-234
3216	2324	18616	479	1936	45
4992	1580	20308	-1076	-1725	739
5660	1372	18912	-260	888	303
4540	1476	17940	-592	296	344
4516	1056	17068	-733	206	501
4212	1084	16440	-424	797	157
4144	832	16224	-492	144	263
3924	924	16096	-320	363	150
4092	976	16184	-290	94	159
4184	988	16548	-178	87	110
3692	1200	16540	-30	368	-2
2916	1204	15572	-92	-158	6
5068	396	16152	41	-78	-7
3500	1128	15432	204	-115	-71
4828	508	15520	407	-45	-67
3876	788	15340	437	-340	-1
4636	780	15348	685	-244	-72
4672	672	15084	691	-801	57
4316	1284	15392	1107	-190	-94
3500	1972	15796	1144	-576	-134
4080	1892	16172	1179	-705	-227
4860	2144	16672	1270	-741	-233
4816	2376	17424	1132	-878	-153
6032	1920	17972	1106	-668	-180
5912	2452	17800	1036	-712	-89
5348	2772	17636	989	-540	-82
5268	2796	18004	859	-515	-68
5468	3020	17588	790	-343	-120
5584	2600	17148	782	-432	-70
5296	2352	16268	781	-195	-115
11216	10092	32767	433	4160	-523
4416	6164	15188	106	962	2035
5264	3156	17104	-4689	-8835	375
10136	1524	16196	-1820	-1349	856
6176	4200	15932	600	6021	-115
2228	3896	13228	-207	1000	797
6720	2960	16536	-830	-977	401
4952	2592	16848	-338	535	183
6208	2480	17156	-407	327	281
5396	2652	16748	-336	285	197
4908	2796	16516	-361	434	231
5520	2652	16592	-332	360	136
5092	2596	16420	-408	127	199
4940	2856	16584	-374	225	217
5048	2844	16628	-380	345	185
5360	2672	16548	-380	358	189
5436	2664	16596	-365	414	194
5276	2648	16764	-406	303	195
5532	2696	16732	-424	284	198
5640	2520	16740	-394	316	213
5412	2756	16784	-418	247	201
5328	2668	16812	-386	286	222
5608	3072	16804	-449	307	242
5412	2588	17016	-421	407	249
5712	2864	17452	-451	492	232
5352	3352	18136	-365	976	151
5676	3124	18316	-1110	-697	440
6084	3112	18328	-881	1076	318
7300	2156	18328	-1164	717	498
6092	2696	18128	-1297	815	588
5880	2796	17804	-1408	821	643
5984	2768	18144	-1503	1029	679
5024	3352	18328	-1571	1288	670
5464	3112	18640	-1834	1262	630
5440	2904	18616	-1991	1309	668
5764	2724	18468	-2140	1536	657
5688	2568	18732	-2292	1689	710
5376	2440	18372	-2495	1667	754
5084	2416	18436	-2604	1789	709
4904	2248	18228	-2785	1762	732
5312	1888	18568	-2941	1928	739
1548	916	3628	-2044	-1510	292
1000	192	3752	-3844	-5731	361
1224	-428	1588	-2850	-9136	725
17912	-13856	32767	3472	8728	984
1900	3516	18188	8750	20470	8826
1212	5068	7344	3540	7674	2642
-1044	312	6816	2102	-1962	704
1900	5380	19660	-4261	-2095	-1377
3664	6536	22616	-3049	-10611	2788
12936	1972	28736	-4646	-8741	3574
11968	2200	22632	1169	5016	-2203
2332	4132	21820	-290	3719	-198
4356	0	16384	-3284	-2769	1676
4684	-32	14180	-1149	1304	211
2936	264	12928	-906	-196	418
4564	284	15552	-328	452	-18
3664	1208	16244	-285	22	101
3160	812	15152	-198	10	133
3648	1028	15084	201	319	-97
5000	1532	18688	131	-29	32
5820	1424	19464	-118	-126	87
5764	1512	19940	-413	204	177
4976	1492	18828	-581	356	287
4940	1012	17256	-724	442	350
3696	1284	16508	-705	457	332
3856	872	15940	-632	351	283
3936	768	15780	-473	355	218
4016	872	15740	-303	262	209
4148	1024	16272	-194	146	165
4396	964	16832	-167	140	147
4640	1144	17384	-163	104	137
4812	1220	17760	-205	225	155
5408	3164	18820	557	1359	1681
4028	1860	17564	-67	1433	183
4832	1556	17548	-502	187	240
3964	1484	16756	-415	141	214
5264	996	16696	-1431	-1401	-596
4328	608	16396	-335	-386	-894
4828	312	15724	-325	-604	837
2580	2092	16052	190	-1097	3227
1552	2760	15060	430	-1666	2421
4412	216	12752	-2118	-3225	-276
4340	-432	15172	-2708	-5614	-1156
7160	-1640	14132	-3268	-3816	-7682
9088	-3608	15996	4464	4750	-309
5168	-32	13704	6396	9657	-1212
724	676	12440	3613	2788	1187
2372	1908	13460	-697	-7076	533
5708	228	15416	2708	-767	-406
3668	3044	15816	2118	-1115	-110
5252	2836	16780	1991	-1197	-323
5344	3192	16372	2095	-1279	-346
5376	3036	16832	1912	-1186	-357
-700	6424	29664	188	15733	1328
4768	8248	16168	-4379	-11031	1711
9944	620	17620	-5727	-7937	-1184
9476	932	17664	-151	-17	-579
3636	4968	12552	5189	12295	1156
1948	5244	14368	1351	4297	-746
2620	3680	14688	-1948	-3368	-795
3784	3156	14492	-5922	-11086	556
8368	1852	17020	852	562	3397
3144	3168	15600	877	4057	-695
4368	2628	16748	-1628	-2388	518
6340	1896	17456	231	395	611
4400	2904	16204	-393	117	274
4756	2752	16496	-363	268	179
5164	2720	16616	-388	214	175
5164	2596	16684	-435	234	196
5512	2608	16900	-422	249	183
5748	2496	16764	-349	283	130
5308	2588	17000	-430	246	265
5468	2488	16884	-417	268	241
5084	2700	16504	-479	297	188
5184	2680	16432	-406	389	188
5360	2524	16616	-411	458	183
5372	2628	16524	-426	318	232
5308	2492	16724	-427	257	254
5284	2632	16708	-471	296	233
5244	2432	16624	-428	351	222
5392	2520	16972	-430	357	238
5488	2632	16872	-405	404	203
5260	3072	17168	-329	739	80
4936	3168	17568	-663	191	277
6360	2996	18072	-572	781	107
6196	2660	17940	-810	272	301
5504	2872	17876	-932	461	359
5708	2748	18104	-1040	640	351
5852	2784	18104	-1127	806	364
5740	2784	18076	-1231	910	381
5420	3004	18148	-1381	983	415
5412	2912	18220	-1438	1083	375
5348	2976	18244	-1613	1160	396
5344	2812	18344	-1770	1266	370
5464	2524	18512	-1951	1360	450
5480	2560	18476	-2091	1494	440
5696	2284	18552	-2260	1511	509
5520	2112	18420	-2401	1707	513
5128	2388	18396	-2493	1765	602
5416	1880	18708	-2703	1848	621
5196	1768	18468	-2866	1998	680
2244	912	4344	-957	-2010	-239
912	-2088	4932	-3732	-6652	-307
964	-444	2480	-3765	-8043	2
32767	4640	32767	-7578	15420	399
-3136	3520	24732	8651	19560	6086
632	6248	10512	1640	7425	-1475
-376	3140	14476	-800	-2318	-742
512	400	9408	-2718	-7033	-117
2936	1960	15280	-3454	-9275	548
9456	3104	32767	-4470	-10552	3588
11684	-1040	21632	1143	3774	-1625
2736	2208	21096	-58	1826	916
8328	1908	21948	-967	1421	360
2420	2036	16364	-1288	994	280
2960	604	13688	-1414	136	495
3652	-104	13600	-821	530	313
3324	1048	15428	-493	418	212
3680	992	16112	-356	304	146
3636	812	15252	-221	158	119
3456	864	14804	87	57	31
4224	1304	17012	172	-131	41
5428	1320	18560	102	-4	26
5520	1620	19560	-123	103	175
5388	1880	19684	-409	312	263
4660	1908	18776	-628	531	253
4368	1492	17456	-790	482	299
4052	1120	16264	-739	443	267
3924	996	16020	-640	429	253
3944	876	15752	-487	270	171
3824	1088	15976	-316	191	159
4096	1196	16556	-221	172	122
4424	1236	17176	-214	120	133
4512	1248	17428	-214	163	141
4568	1384	17748	-289	235	159
4740	1344	17752	-322	295	171
4576	1332	17272	-368	352	174
4452	1180	16892	-376	255	228
4076	1140	16316	-362	163	218
3632	836	15152	-232	40	217
3616	872	15080	-32	96	106
3772	756	15036	147	-221	125
3752	592	14640	374	-311	110
4148	848	14376	694	-634	92
3472	1032	14912	793	-424	16
3276	1372	14692	1050	-526	-30
3812	1256	14636	1272	-881	-82
4156	1464	14940	1417	-1048	-148
4092	1864	15504	1623	-1108	-171
4456	2148	15620	1774	-1071	-279
4752	2496	16112	1836	-1112	-297
5240	2432	16348	1880	-1215	-285
5732	2524	16484	1865	-1346	-220
5820	2700	16860	1856	-1383	-221
3144	12124	32767	2763	15136	898
5524	8252	15904	-4723	-16219	2795
12400	-516	21464	-5162	-6605	-1014
9612	1040	13616	-256	19	577
6432	7620	19068	4608	15297	-869
1704	4628	14256	2453	5882	692
1688	2928	15184	-2658	-5348	192
14520	720	32767	-7564	-11659	2050
9760	1140	15492	129	1581	-1407
1756	2752	16096	1788	6084	1019
4596	2276	17548	-2399	-4633	325
6932	2040	15624	2	2118	164
3412	2968	15276	-551	-149	363
5332	2652	16540	-254	843	34
5628	2612	16752	-370	109	200
5544	2564	16720	-429	-36	235
5276	2792	17272	-693	-453	258
5120	2768	17028	-310	783	133
5976	2504	16820	-326	692	174
5512	2612	16900	-432	302	216
6092	2520	17212	-856	-236	210
5576	2576	16712	-336	711	272
4872	2828	16292	-251	944	185
4828	2976	16468	-400	468	206
4792	2984	16608	-675	1269	-1066
5512	1792	17260	-669	2492	-1003
3960	3392	15284	-48	2080	707
3376	3100	15748	-3771	-7696	1240
8132	3164	16372	1244	2555	-295
4412	4080	17224	-313	86	499
5604	2528	16728	-411	646	43
5756	2548	16924	-399	358	222
5528	2672	16972	-440	284	266
5344	3020	17580	-475	378	236
4960	2844	17220	-666	2	351
4788	2700	17044	-659	732	203
5468	2824	17488	-732	817	161
5904	2664	17724	-830	817	257
5428	2864	17716	-927	743	330
5528	2784	17604	-1019	724	366
5536	2732	17840	-1080	852	342
5360	3008	18012	-1205	904	332
5484	3036	18408	-1336	957	309
5632	2524	18424	-1528	1040	383
5800	2300	18476	-1741	1205	402
6148	2096	18668	-1919	1372	493
5860	2248	18752	-2059	1504	555
5700	2144	18364	-2206	1640	600
5376	2200	18456	-2365	1724	682
5556	2020	18544	-2503	1774	746
5404	1780	18492	-2588	2109	686
4856	1960	18440	-2818	2007	797
1920	1644	3820	-1763	-3472	-874
340	-1260	5800	-3960	-6707	22
860	-3080	4540	-1318	-7658	560
25156	2300	32767	992	27849	-2269
-2204	-2456	16492	9082	16483	6704
200	6108	9368	-1124	2777	610
24	1532	14644	-2167	-5827	-43
2412	-888	8968	-4201	-11056	1024
7220	-3196	17504	1102	1095	1235
5272	4108	21284	880	534	-665
8544	1316	22480	-68	-557	286
6476	2392	21864	-801	158	538
5808	2268	20084	-935	1295	384
5280	2312	19032	-1222	1072	467
2048	968	12784	-926	1214	189
1752	696	13784	-924	717	275
4496	52	14188	-784	-305	623
2548	1532	15764	-204	850	122
4044	460	15020	-121	55	236
3732	812	15184	70	-184	132
3660	1340	16476	191	-120	22
4876	1376	17948	113	-168	79
5216	1560	18740	26	-2	97
5828	1356	19392	-245	156	213
4384	1768	18052	-290	759	176
3300	1952	16228	-634	55	302
3384	1208	15232	-285	327	122
3380	856	14440	-107	58	86
3424	600	14216	178	-255	-7
3420	648	13884	505	-450	-33
3532	780	13860	839	-617	-114
3668	1148	14744	1041	-943	-128
4364	1376	15276	1196	-967	-140
4808	1644	15936	1345	-981	-126
3964	2316	16048	1293	-1193	-139
4928	1636	15660	1466	-1079	-198
4444	2160	15536	1484	-1350	-169
4888	2076	15528	1611	-1427	-205
5140	2308	15740	1788	-1318	-254
5592	2556	16328	1745	-1503	-204
19556	14348	32767	-3645	9745	-2223
5836	-784	10116	5648	-553	7258
9492	2000	13864	-3119	-6128	-3164
12496	-1736	18064	-1621	-2911	1260
8096	1720	17136	6406	11054	-725
-28	3532	16240	2519	7735	-373
2020	4192	14600	-2121	-2682	-454
4740	2348	17672	-5349	-11954	1544
7776	-156	16316	3449	5046	372
892	3144	17780	-274	423	-86
6744	1872	17940	-1123	176	436
5176	2336	16320	-808	324	204
5588	1776	16184	-720	664	97
5940	1868	16404	-725	503	328
5840	2464	17252	-821	449	435
4776	2500	15964	-601	638	319
4684	2876	16584	-516	502	291
4328	3144	17088	-631	412	300
5464	2344	17460	-596	447	212
5432	2420	17332	-679	476	232
5384	2492	17532	-754	478	255
5196	2496	17384	-826	538	273
5404	2456	17424	-875	657	254
5012	2624	17468	-948	670	237
5208	2416	17700	-1008	784	268
5424	2364	17760	-1084	864	297
5484	2300	18080	-1205	898	369
5400	2432	18348	-1343	919	386
5404	2276	18064	-1436	1041	381
5328	2296	17892	-1535	1194	413
5168	2268	18276	-1629	1287	404
5188	2396	18200	-1763	1391	408
5328	2096	18060	-1863	1517	429
5216	1624	17944	-1929	1620	474
5152	1812	18156	-2091	1699	489
5268	1496	18020	-2196	1767	600
5008	1588	18320	-2285	1844	633
1112	76	7108	-1533	-2868	-153
304	-1492	6108	30	-1271	-401
2504	-2224	15828	-1000	2120	241
4592	376	18512	130	2620	1649
3280	2024	14576	910	-876	3247
3656	-120	13500	-171	-127	-474
3480	372	13752	321	-568	142
4008	2016	18132	473	-306	-65
5552	1780	19456	280	-226	-3
6788	1524	21032	-36	193	197
6560	2040	20964	-424	649	302
5344	1888	19152	-752	633	464
4788	1816	18216	-897	822	438
3948	1820	16884	-846	789	383
2384	1952	13860	-744	574	214
3796	1252	14712	-634	-136	462
3332	1172	15128	-268	296	77
3568	1100	15612	-121	122	76
4056	1136	16096	-17	-20	86
4232	1208	16740	1	-78	76
4596	1216	17032	40	4	74
4020	1392	17052	15	-5	96
4724	1448	17248	-59	-24	129
4496	1420	17084	-71	-63	156
4580	1008	16480	14	-65	132
4652	1012	16308	73	-139	180
4372	1356	16140	180	-170	157
4008	1512	16060	261	-274	124
4260	1676	16104	338	-351	101
4220	1668	16100	421	-378	67
4356	1768	16092	473	-443	49
4272	1704	16096	521	-567	32
4376	1756	15920	629	-596	-50
4468	1820	15860	712	-626	-79
4456	1888	15768	816	-657	-68
4824	1812	16040	888	-738	-70
5008	1988	16340	921	-875	-95
5248	2032	16288	970	-950	-48
5476	2288	16608	978	-924	-44
5596	2396	16672	958	-953	-12
5488	2644	16752	948	-960	-3
5408	2728	17072	842	-951	34
11796	7924	32767	287	4478	-533
4580	3472	13736	1316	-2287	5855
10200	320	16656	-2305	-4489	-763
8608	1464	17312	3056	5916	1332
3596	4176	16084	-12	-370	-472
4504	2780	15984	-646	405	531
4240	3088	15736	-356	670	228
5644	2516	16540	-375	222	-18
5460	2648	16312	-331	317	172
5436	2496	16640	-450	81	244
5700	2400	16808	-367	342	131
5596	2480	16544	-365	374	201
5120	2792	16696	-357	368	224
5188	2796	16596	-396	244	187
5456	2704	16888	-377	241	159
5612	2712	16736	-391	253	169
5548	2684	16872	-418	258	214
5840	2548	16784	-419	298	230
5364	2796	16744	-395	361	221
5480	2624	16568	-439	336	244
5412	2652	16476	-435	310	222
5332	2468	16528	-399	342	256
5624	2584	16660	-381	401	213
5564	2720	16932	-404	389	244
5184	3288	17268	-423	548	177
6056	2636	17472	-581	273	272
5336	2996	17632	-667	254	298
5504	3020	17800	-751	535	160
5564	3128	17996	-844	686	192
5880	2896	17764	-1008	773	255
5832	2776	17804	-1092	913	231
5996	2836	18224	-1206	947	274
5944	2584	17972	-1318	1057	341
5860	2736	18084	-1467	1091	386
5708	3020	18316	-1487	1290	356
5728	2736	18428	-1711	1326	414
6104	2420	18700	-1942	1468	499
5976	2292	18600	-2052	1647	535
6104	2176	18340	-2162	1769	569
5524	2236	18116	-2231	2015	644
4960	2212	18192	-2365	2070	647
4620	2104	18284	-2463	2138	629
4760	1872	17680	-2586	2101	667
1208	36	2800	-390	-4009	315
172	-608	1940	-217	-6339	-1275
4996	-1556	16704	-1166	-1391	1116
2016	8400	22472	509	15520	4205
-1040	4096	13388	1767	1977	8986
6648	4796	28968	-6877	-9342	-4782
5900	576	15316	1236	3889	-378
3216	772	17020	103	-2008	519
7812	80	20752	1194	789	1535
4788	2524	21144	-60	329	362
6572	2572	22068	-611	731	160
5932	1808	19548	-948	912	402
3964	1428	16512	-1064	908	505
3176	920	14348	-859	639	291
3400	936	14588	-676	381	286
3760	1208	15756	-452	284	250
3804	964	15472	-266	202	127
4132	968	15688	-91	129	88
3916	1360	16188	6	-8	57
4604	1552	17576	6	-35	44
5296	1568	18572	-92	37	94
5304	1840	18984	-280	205	161
5184	1812	18548	-504	310	235
4728	1716	17872	-610	433	259
4088	1576	16892	-603	542	250
4100	1284	16284	-574	426	261
3952	1244	15948	-469	356	206
4144	1096	15872	-371	208	182
4056	1272	16160	-230	114	134
3916	1076	16288	-143	129	108
3620	1324	15692	-141	-97	127
4472	1120	16392	37	38	82
4200	1176	16180	55	-220	110
4100	1096	15712	143	-269	87
4244	944	15396	281	-323	23
4604	928	15604	348	-556	89
4544	1120	15764	521	-531	75
4868	992	15860	610	-696	149
5292	1084	16224	697	-758	249
4584	2184	16708	746	-714	194
4604	2216	16636	782	-752	197
4804	2272	16684	766	-751	147
5016	2472	16616	804	-778	95
5028	2360	16796	809	-685	12
5404	2020	16184	1009	-602	-10
4152	2500	16564	502	-1152	126
5536	2460	16016	845	-932	139
5584	2900	16220	952	-594	-70
6056	2764	16692	1039	-788	-20
5596	2156	15852	1100	-826	-21
3084	10020	25092	4631	8599	559
9376	1468	29040	-5877	-9885	-1544
10000	248	17568	-2325	703	-1895
4900	3980	15560	518	3827	571
5316	3400	16764	-777	-405	-504
4976	1712	15924	-679	179	317
6228	2376	16636	-379	684	301
6412	2712	16632	-367	37	370
4948	3184	16060	-460	-82	-27
5716	3196	16208	-551	386	303
5492	2480	16408	-692	-115	154
5488	2236	16400	-411	353	96
5532	2560	16480	-402	432	344
5432	2700	16440	-383	210	157
5276	2764	16596	-417	215	167
5648	2628	16616	-467	339	281
5580	2844	16556	-457	225	171
5924	2600	16772	-457	167	238
5836	2448	16668	-416	320	242
5920	2532	16652	-397	328	204
5752	2432	16648	-362	364	228
5748	2476	16620	-344	359	232
5688	2532	16432	-342	453	165
5704	2620	16468	-357	391	239
5716	2652	16784	-392	370	250
5600	2472	15992	-332	254	174
5692	2652	16664	-433	370	204
5696	2700	16680	-421	335	229
5592	2676	16588	-401	293	199
5360	3028	16612	-342	507	96
5664	2708	16492	-433	256	251
5800	2880	16656	-425	371	196
5700	2436	16580	-438	218	151
5592	2648	16740	-458	382	165
5784	2604	16848	-476	382	189
5808	2732	16792	-484	310	187
5832	2496	16880	-549	333	186
5792	2628	16660	-621	357	247
6112	2632	17424	-831	727	241
5964	2480	17140	-642	80	247
5368	2508	16912	-652	652	275
6240	2768	17816	-1024	1703	-434
5476	2460	16796	-646	-279	363
5496	2388	16740	-754	1076	126
5680	2264	16760	-549	438	370
5704	2596	16520	-579	265	312
5308	2464	16544	-669	578	206
5360	2448	16368	-702	579	255
5132	2492	16008	-663	428	237
5224	2252	15928	-575	394	108
5068	2280	15728	-490	225	-135
5116	2108	15596	-421	113	-91
4764	2024	15192	-377	356	386
4664	2152	14768	-168	119	181
4820	1776	14720	-83	-285	-388
4096	1988	14544	133	-250	-120
4880	1900	14548	125	-153	378
4664	2068	14408	396	-454	49
5052	2180	14584	540	-879	-398
4744	10752	28032	4161	7257	1746
11760	1604	26632	-4870	-9067	-390
9160	-976	17652	-1326	2061	-1979
4476	2620	15684	-169	1979	465
5272	1448	16960	-27	-569	-818
3848	2852	15760	1661	-1537	2226
6576	3512	16244	1941	-1943	3866
6200	3148	16288	-1559	1733	617
7316	2036	17268	-97	-361	566
5896	2380	16716	-479	157	338
6056	2520	16408	-459	428	113
6192	2784	16580	-492	539	190
5972	3044	16236	-462	232	160
6120	2872	16204	-432	167	276
5876	2628	16396	-422	229	240
5984	2616	16636	-498	253	186
6208	2512	16412	-490	271	257
6164	2668	16444	-414	263	170
6060	2596	16476	-430	279	202
6176	2756	16628	-412	444	191
6016	2660	16164	-427	254	205
6052	2396	16432	-420	152	304
6004	2456	16360	-364	49	201
5324	3484	16284	-522	255	-68
6608	2364	16684	-518	320	265
6460	2648	16324	-288	93	73
5664	2680	16336	-349	190	105
5760	2704	16312	-438	239	235
6216	2480	16192	-504	298	250
5964	2960	16564	-479	272	148
6456	2636	16536	-421	378	240
6200	2572	16492	-355	178	147
6292	2396	16224	-407	191	325
6744	2000	16432	-331	349	223
6696	2228	16524	-176	916	179
4848	4300	15636	-128	33	-109
4936	636	16540	39	4443	1381
6104	4140	16648	660	3795	95
6092	3536	15904	-266	3946	-614
4676	3280	16160	311	646	621
5676	2256	16876	-894	-414	-347
5184	3172	16524	-399	258	264
5872	2528	16704	-436	159	342
6464	2088	16476	-4	864	277
2840	5288	13328	-2171	224	-1141
5556	96	15700	-2255	2227	833
2936	-168	15560	-3445	3906	567
4688	4208	15916	-4028	5207	1086
5432	4	19876	-5311	9025	1303
3740	408	17236	-1688	6715	1121
2224	740	17224	-317	3074	181
3568	1632	17044	986	-1256	167
3744	1596	17168	-787	668	292
3328	1520	17328	-633	607	242
4376	1648	17172	656	-2454	60
7048	1444	16040	311	-4479	1612
0	0	0	0	0	0
-3488	-4032	17520	-2045	1609	-656
-3984	-4584	18592	-3553	2767	-658
-4512	-5448	18888	-4526	3143	-970
-4576	-5764	18880	-4212	2253	-1046
-4204	-5792	18408	-4954	2272	-1469
-4860	-6192	18096	-4852	2232	-1316
-3864	-5748	17256	-5684	2496	-1641
-3388	-5608	15536	-5086	2595	-1977
-3436	-5680	15068	-4216	2661	-1586
-3124	-5360	14144	-3108	2781	-1458
-2956	-5656	13364	-2234	2233	-1759
-3260	-5752	13536	-1330	2406	-1667
-3144	-5616	14592	-1422	2319	-1607
-3732	-6460	14448	-1113	2347	-1424
-3700	-6580	15396	-869	2053	-1327
-4216	-7532	15428	-1610	2128	-1181
-4824	-8040	16204	-1188	1631	-919
-3972	-7452	15300	230	373	-740
-3152	-6916	14148	-329	1475	-1208
-3660	-7252	13860	-693	1912	-1453
-3732	-7620	13260	-141	1733	-1231
-3736	-7060	13588	1383	785	-900
-4104	-6924	14272	1401	390	-775
-3480	-6876	15132	889	230	-1096
-4208	-7472	16024	1006	-100	-826
-4052	-7452	16412	1088	224	-296
-4300	-7560	16072	642	619	-29
-4468	-7416	16052	525	354	87
-4336	-7620	15512	-132	777	116
-4132	-7312	15168	71	711	-176
-4384	-7192	15008	263	808	-182
-4248	-7308	15656	264	342	-32
-4252	-7128	15516	-12	481	95
-4056	-6740	15272	-86	1054	-106
-4364	-6888	15528	131	630	66
-4260	-6972	15612	43	639	164
-4312	-6856	15704	-129	731	301
-4332	-6876	15528	-392	734	302
-4460	-6760	15376	-230	849	222
-4268	-6904	15688	-397	797	296
-4484	-6864	15620	-532	810	13
-4388	-6928	15728	-557	449	24
-4448	-7040	15576	-229	319	70
-4388	-6924	15492	-522	672	211
-4456	-6936	14940	-744	403	271
-4484	-6804	15068	-3	-118	239
-4324	-6564	15452	-176	100	-123
-4484	-6664	15568	45	119	-188
-4284	-6696	15360	-88	63	-166
-4484	-6840	15572	212	225	89
-4556	-6668	15584	779	-95	366
-4700	-6572	15444	873	135	343
-4548	-6444	15644	797	264	99
-4804	-6764	15824	489	345	59
-4692	-6572	15980	443	546	-42
-4644	-6700	15800	624	118	-93
-4652	-6864	15784	327	396	-286
-4500	-6932	15368	-125	772	-5
-4528	-6772	15596	-85	614	281
-4480	-6736	16348	-14	671	152
-4564	-6680	16048	-108	776	47
-4384	-6480	15572	-335	872	-389
-4704	-6532	15444	66	343	-158
-4424	-6308	15744	-87	494	-217
-4248	-6224	15984	-267	681	-354
-4348	-6508	15520	-307	778	-330
-4396	-6424	15464	-153	548	-302
-4308	-6232	16164	-201	505	-307
-4696	-6596	15664	-309	335	-449
-4384	-6284	15684	-311	199	-346
-4336	-6196	15776	-455	312	-168
-4420	-6456	15996	-663	446	-238
-4388	-6416	16028	-330	308	-207
-4408	-6396	15420	-361	161	-250
-4336	-6276	15572	-394	353	-195
-4280	-6292	15732	-334	612	-84
-4684	-6516	15780	-307	618	97
-4316	-6160	15948	-215	289	15
-4448	-6308	15824	-482	399	-69
-4412	-6316	15716	-512	118	-75
-4068	-6316	16024	-444	614	-139
-4700	-6476	15728	-416	1032	87
-4600	-6552	15680	-611	850	141
-3992	-6016	15752	-1116	646	-195
-4452	-5760	16052	-1050	1051	-415
-5044	-6912	15616	-282	149	-452
-3696	-6348	15744	202	-127	-355
-4160	-6468	16244	-421	1168	-62
-4120	-6776	16376	536	972	598
-4988	-6420	16016	-34	516	360
-5004	-6972	15380	-70	-508	193
-3856	-6160	15948	-16	-244	412
-4276	-6436	15832	-146	496	215
-4340	-6284	16332	-405	547	275
-4888	-6480	15668	-63	-340	-142
-4444	-6200	15648	-427	-182	106
4684	15788	-628	650	526	114
4420	15744	-1384	-486	-462	-37
5720	15256	412	-1189	324	122
5008	15752	-692	-737	1204	970
5136	15664	348	598	1122	261
4292	16420	-436	-925	-240	298
5136	15128	-520	-1007	-1768	422
5396	15604	24	-647	-319	182
5196	15372	-196	-365	803	-98
4832	15684	12	-193	1731	215
4420	15920	164	-851	632	328
4612	15712	-132	-1619	-643	421
4632	15880	20	-2017	-2431	192
5792	14768	816	-407	633	31
3584	16208	-820	29	1696	-32
4268	16316	324	-1211	-2513	571
4508	15436	28	-2247	-2908	-69
4964	15604	220	-2464	-2554	389
5604	15088	296	-1063	-922	374
4816	15876	-516	-275	-1135	487
4792	15676	344	-1103	-2746	621
5200	15832	460	-1037	-2046	601
4880	15864	-188	-882	-2070	479
4340	16124	-824	-2161	-5315	-192
5452	14856	-700	-2974	-8697	947
4624	15928	-212	-2316	-8828	718
5048	15308	-588	-1432	-8595	440
5196	15160	84	-63	-7660	702
5628	15548	200	669	-4359	569
5508	15080	-244	1430	-3181	607
4908	15464	-444	1994	-1213	1099
4960	15008	-1420	1393	-2827	2012
5252	15460	-1024	712	-4548	3074
4836	15376	-2348	-233	-8291	4037
5276	15468	-2068	-2091	-12152	4767
5600	15264	-1764	-2966	-14290	4709
5804	15144	-1744	-2379	-14117	4647
7056	15704	2692	-1038	-9109	3797
6324	15860	468	2714	3212	717
5232	15528	-2588	2016	2445	309
4992	15612	-2756	-598	-1404	319
5332	15424	-1300	-3600	-3876	304
5564	15100	-2236	-3522	-5456	313
5820	15064	-1548	-2953	-4869	480
5936	15144	-1524	-1683	-2855	126
5888	14996	-1484	-685	-421	-88
5712	14928	-1616	528	2112	159
5560	14928	-1928	885	3180	474
5268	15140	-2196	667	2605	1050
5348	15484	-2292	361	472	714
5384	15276	-2052	9	-1629	144
5436	15204	-1896	-639	-2155	253
5536	15220	-1884	-1749	-1388	404
5812	15220	-1716	-1138	-614	68
5728	15172	-1948	-1042	481	-200
5680	15072	-1820	-194	1241	-406
5596	15040	-1952	368	1502	-388
5600	15088	-2148	692	1021	-236
5652	15232	-2064	193	23	-474
5608	15204	-2080	-333	-977	-281
5620	14916	-1912	-494	-1749	81
5556	14824	-1876	-899	-1545	835
5824	15244	-1876	-728	-1091	1574
5624	15216	-1688	-276	-691	1373
5636	15340	-1732	-617	-60	1278
5608	15428	-1928	-993	230	399
5548	15240	-1948	-1175	684	54
5484	15036	-2216	-1020	865	-113
5472	15104	-2284	-1272	691	210
5512	15136	-2572	-1408	-337	-120
5548	15160	-2232	-1411	-1204	-185
5572	14864	-2256	-1075	-1438	78
5592	14912	-2244	-954	-1147	457
5480	14812	-2392	-811	-1147	664
5236	14960	-2520	-1766	-1814	870
5344	15380	-3324	-4118	-3639	1509
5396	15260	-3144	-3739	-8380	11
5592	14660	-2904	-3865	-13289	-516
5304	14192	-2780	-4050	-15277	1382
4880	14204	-3376	-7121	-18018	3573
4776	14184	-3764	-8924	-24995	4813
5700	14992	-5336	-13106	-32768	4738
3324	9364	-4828	-17003	-32768	5316
16636	27548	-3880	-24491	-32768	6931
9492	18928	-6516	-26729	-32768	7302
6936	11260	-5560	-28607	-32768	9345
8972	12600	-7240	-29453	-32768	5228
12564	17012	-6420	-27222	-32768	1323
13020	19544	-7376	-31376	-32768	2838
13628	16692	-8176	-32768	-32768	-1001
11524	14920	-7060	-32768	-32768	-5296
13168	17552	-7092	-32768	-32768	-7999
9260	10868	-5780	-32768	-32768	-10198
16072	21488	-8060	-32768	-32768	-16034
13732	21556	-8584	-32768	-32768	-12171
10472	14036	-8008	-32768	-32768	-19977
14748	20472	-8004	-32768	-32768	-27687
11292	13076	-6484	-32768	-32768	-32768
10448	12296	-7188	-32768	-32768	-32768
15480	19888	-6424	-32768	-32768	-32768
18344	25580	-6252	-32768	-32768	-32768
19752	25756	-6864	-32768	-32768	-32768
18244	22364	-5424	-32768	-32768	-32768
23176	29792	-5124	-28162	-32768	-32768
18824	26924	-6548	-14907	-32768	-32768
18444	27160	-4996	-1046	-32768	-32768
18488	28400	-5476	-2321	-32768	-32768
18612	28836	-4516	3094	-32768	-32768
19316	31136	-5160	6508	-32768	-32768
17480	27064	-4344	8012	-32768	-32768
15732	25004	-3472	13125	-32768	-32768
18560	29684	-3732	13856	-32768	-32768
17148	27120	-3092	16254	-32768	-32768
16248	29584	-3136	31120	-32768	-32768
17484	32767	-3804	32767	-32768	-32768
16740	31588	-2788	32767	-32768	-32768
16068	31236	-3932	31086	-32768	-32768
26692	32767	-10232	15406	-32768	-32768
18836	32767	-7096	14010	-32768	-32768
21120	32767	-6356	13298	-32768	-32768
23644	32767	-5488	13054	-32768	-32768
29368	32767	-5776	17754	-32768	-32768
24752	32767	-4004	23801	-32768	-32768
28464	32767	-2756	26949	-32768	-32768
32767	32767	-4724	32767	-32768	-32768
26676	32767	-4356	32767	-32768	-32768
26372	32767	-5728	32767	-32768	-32768
26496	32767	-5780	32767	-32768	-32768
23936	32767	-7076	32410	-32768	-32768
26352	32767	-6196	28237	-32768	-32768
28228	32767	-5064	28828	-32768	-32768
26812	32767	-6344	32767	-32768	-32768
32612	32767	-7348	32767	-32768	-32768
32767	32767	-8108	32767	-32768	-32768
32767	32767	-8776	25972	-32768	-32768
32767	32767	-9052	17930	-32768	-32768
32767	32767	-9276	8187	-32768	-32768
32767	32767	-8768	358	-32768	-32768
32767	32767	-9020	-3798	-32768	-32768
32767	32767	-9228	-10408	-32768	-32768
31896	32767	-8980	-17912	-32768	-32768
32580	32767	-8532	-22797	-32768	-32768
31788	32767	-7132	-23647	-32768	-32768
30568	32767	-6804	-22907	-32768	-32768
29516	32767	-6932	-19138	-30496	-32768
27692	32767	-7188	-15080	-29259	-32768
26712	32767	-6776	-9255	-30968	-32768
26440	32767	-6700	-4154	-32768	-32768
25792	32767	-7068	449	-32768	-32768
26484	32767	-7488	1076	-32768	-32768
26880	32767	-7400	-2776	-32768	-32768
24476	32767	-7272	-8426	-32768	-32768
22380	32767	-6992	-14451	-32768	-32768
21932	32767	-6852	-20000	-32768	-32768
20460	31320	-5524	-20741	-32768	-32768
20068	31476	-4272	-14974	-32768	-32768
19796	31380	-3484	-2759	-32768	-32768
21684	32767	-3796	4955	-32768	-32768
21260	32767	-3872	9392	-32768	-32768
20800	32767	-4376	13427	-32768	-32768
19872	32767	-4948	16226	-32768	-32768
17872	31928	-4756	18438	-32768	-32768
17140	30508	-4660	18216	-32768	-32768
16776	29996	-4472	17730	-32768	-32768
17424	30052	-3944	18600	-32768	-32768
16948	30652	-3884	20371	-32768	-32768
17936	32408	-3628	22233	-32768	-32768
18180	32767	-3144	24919	-32768	-32768
15272	27696	-2876	30118	-32768	-32768
14508	27652	-3408	32767	-32768	-32768
13900	27492	-4816	32767	-32768	-32768
13716	28052	-4896	32767	-32768	-32768
14260	29628	-6012	32767	-32768	-26287
15112	30888	-6352	32767	-32768	-21590
17204	32767	-6872	32767	-32768	-20882
17692	32756	-6876	32767	-32768	-22504
17768	31952	-6592	32767	-32768	-24722
17508	30720	-6472	32767	-32768	-24617
16200	28512	-6088	32767	-32768	-23622
15620	27072	-6140	32767	-32768	-20223
16172	28404	-6544	30697	-32768	-19611
17196	29852	-6308	31857	-32768	-23322
18844	32767	-6572	32767	-32768	-29398
19448	32767	-6116	32767	-32768	-32768
19064	32767	-5232	32767	-32768	-32768
18712	32767	-5100	32767	-32768	-32768
18536	32767	-4500	32767	-32768	-32768
17876	32560	-5268	32767	-32768	-32768
18748	32767	-5532	32676	-32768	-32768
19488	32767	-5680	30904	-32768	-32768
20428	32767	-5752	30186	-32768	-32768
20720	32767	-5624	30345	-32768	-32768
20912	32767	-5244	32005	-32768	-32768
20872	32767	-5168	32767	-32768	-32768
20248	32767	-5068	32767	-32768	-32768
21948	32767	-4308	32767	-32768	-32768
17668	32767	-4312	32767	-32768	-32768
16440	30908	-3592	32767	-32768	-32768
15452	29952	-3624	32767	-32768	-32768
15224	30928	-4476	32767	-32768	-28989
15504	32108	-4664	32767	-32768	-27085
14180	30080	-4456	32767	-32768	-24072
13240	29204	-4780	32767	-32768	-18408
12740	28924	-5040	32767	-32768	-12008
12348	28468	-5912	32767	-32768	-4268
12784	28228	-6328	32767	-32768	221
12864	26892	-5544	32767	-32768	2618
13872	27468	-4992	32579	-32768	2533
13712	26536	-4688	31575	-32768	61
14052	26708	-4240	29334	-32768	-3533
14188	27108	-3236	32767	-32768	-5277
12012	23312	-3052	32767	-32768	-5690
11764	23536	-2832	32767	-32768	-4365
10512	21948	-2980	32767	-32768	-154
9940	20836	-2780	32767	-32768	6229
9676	20432	-2520	32767	-29544	12871
9544	20176	-2372	32767	-23222	20021
9180	18712	-2120	32767	-14882	27424
10672	20768	-2092	32767	-5360	32767
11520	21760	-1548	32767	7479	32767
12748	21772	-2368	29434	24236	32767
12300	22268	-1200	13082	32767	32767
12232	22232	-3004	-4153	32767	32767
14860	25880	-7528	-18152	32767	15064
16876	27676	-10160	-24081	32767	-11998
14616	24668	-8004	-20212	32767	-26150
11564	19924	-9416	-12116	32767	-30998
12508	19892	-7160	-3884	32767	-32768
12096	17284	-4524	4300	32767	-32768
10272	14356	-3544	10786	30456	-32768
7648	11376	-2160	20588	30973	-32768
5016	8760	-1624	32767	28640	-30335
4248	9992	-2712	32767	25520	-16455
2744	9256	-3044	32767	19768	-3536
2964	10328	-2376	23684	14772	7640
3388	11732	-2212	11688	11553	20382
5880	15596	-3608	5935	8512	31602
8568	19284	-1188	-499	13169	32767
10596	22256	-968	-4957	23341	32767
11328	22948	-1404	-1431	32767	29399
10088	20632	-1204	-3155	32767	22189
9168	19548	-3936	-2979	32767	12750
8008	17276	-2564	-3830	32767	1763
6652	14996	-4128	1796	32767	-5183
7308	16060	-4216	7658	26903	-9466
6512	14568	-3036	11890	20848	-10599
7072	15612	-2304	13766	16678	-12057
7596	16192	-1960	12652	15383	-14415
7208	14972	-752	13880	16327	-15761
6660	13676	-576	11090	19828	-16124
6668	13572	-752	5648	25006	-14650
6992	14984	-3024	7164	26852	-12996
7000	15072	-2540	6582	26515	-14489
6596	14248	-2140	7059	26737	-13417
6640	13968	-3356	8626	28689	-10008
6196	13732	-1360	14800	28210	-7731
6228	13524	-3156	15944	28061	-5925
5560	12172	-1544	15729	27801	-2467
6008	13536	-2588	16003	27425	4128
6288	15560	-3536	14345	25441	8746
6728	17232	-2600	9835	22722	12212
6280	16628	-2380	4453	21125	15508
7052	17628	-1940	-3913	21454	15571
8156	19044	-2068	-5794	24308	15919
7924	18536	-2020	-6615	28222	14646
7896	18564	-2464	-9705	31317	9447
7704	17524	-3228	-10339	32195	3627
7020	16624	-3260	-8879	31037	-1837
6760	15260	-3984	-6268	29076	-5645
5948	13208	-2468	120	26356	-6958
5484	12012	-2440	8614	22947	-7904
5840	13324	-2756	11987	19987	-9315
6308	13152	-1968	18725	16347	-11667
6156	12748	-1484	27794	13045	-14474
7292	15432	-1364	32767	13885	-13071
7536	16272	-2024	32767	15541	-11490
7600	17172	-2028	32767	17164	-9440
6868	15900	-1828	32767	20616	-6033
6688	15616	-2168	32368	25518	-2752
5640	14244	-3348	28283	27780	3392
5948	15364	-2152	17897	29918	5798
6512	17304	-3388	6965	28920	3164
6600	17096	-2876	-1936	27734	-30
7380	19500	-3252	-8866	26695	-2631
8076	19212	-4188	-17602	24767	-8120
8420	19056	-4588	-19374	23056	-11489
8564	18632	-4588	-18924	21115	-14890
9460	19600	-4724	-21601	21843	-19060
8808	17100	-4344	-14686	18912	-23190
7972	15456	-3296	-11846	19359	-23888
7252	13844	-2568	-4624	17969	-22705
6548	12564	-2664	2040	17910	-20931
5840	11416	-1812	8895	17594	-18140
5940	11832	-1648	14540	17503	-13739
5332	12272	-1608	20055	17780	-4349
5492	14424	-2748	17854	16968	1424
5028	13952	-3200	9975	14796	3847
4680	13136	-2604	13122	11581	10794
4576	13340	-3280	14953	9943	19334
5924	16488	-3272	13628	7479	25354
6664	18112	-3348	10663	2402	24830
6672	18320	-2956	5684	-794	23337
6684	18024	-2576	-120	-1618	23403
6864	18100	-2116	-3401	-2255	22088
6844	17952	-1496	-4528	-2967	17326
6800	17528	-764	-7178	-992	12531
6536	16928	-904	-10824	2741	10333
6452	16920	-1828	-15441	4437	7165
6596	16544	-2960	-20713	2784	1940
6608	15752	-3468	-22452	558	-2777
6384	14620	-3448	-17557	-2325	-5811
7468	16584	-4300	-17355	-1335	-9384
6768	15088	-3412	-8814	-3780	-12228
6976	15624	-3332	-8683	-2058	-13345
7284	15576	-2500	-2612	-2009	-15399
7464	15936	-3188	2752	-1846	-17814
6936	15416	-2440	7374	-945	-17897
6480	15364	-1528	10461	-1213	-15891
5692	14792	-2232	10891	-3509	-12878
5224	14256	-2468	6344	-6832	-9814
5420	14112	-2272	1708	-11017	-6366
5608	13944	-1956	-1246	-13898	-1511
5968	13852	-1880	-3358	-17586	2274
6324	13572	-1020	-3845	-16441	4700
5976	13312	-352	-2767	-10371	9100
6264	14268	-832	-1166	-3882	11715
6100	15164	-868	1948	4	11351
5872	15276	-1464	5679	1644	12015
5760	16012	-1832	5646	3255	12682
5744	16596	-1948	3467	3436	11295
5744	16728	-2348	1503	1530	7947
5640	16520	-2180	592	-1440	4235
5348	15836	-1892	352	-3272	3770
5696	16264	-2264	-1544	-4757	3372
5996	15988	-1876	-3613	-7005	816
5952	15156	-1480	-4097	-7392	415
6184	15328	-1956	-5510	-6696	900
6248	14920	-1696	-5564	-6830	817
6068	14440	-1304	-3211	-6497	1958
4512	13600	-17952	-1959	-9464	3035
7004	15928	-6744	-3460	-25138	4267
10516	11216	-5572	3119	-22283	9444
4576	16252	-5380	3291	-23047	9841
6508	15936	-3492	-1140	-20824	7742
2800	13512	-12728	-3613	-26236	6387
3588	13032	-12764	-9254	-32768	7263
5636	13464	-6188	-9261	-32768	8155
5724	12552	-2444	-8754	-29435	6381
4916	12668	-6756	-8956	-14175	3969
4576	9588	-9796	-10051	-22335	13043
4696	10124	-10124	-13410	-26447	17313
5948	14964	-492	-15817	-17663	23231
6740	18000	-1444	-19573	-3524	15953
5244	18308	-1692	-20347	3174	11751
7856	12872	-4980	-15303	3053	12702
9396	14140	-6236	-14552	7458	9989
9456	12856	-4428	-13109	-5537	9082
9660	15868	-708	-14476	-19409	6582
9064	14292	-600	-6520	-20871	2715
8528	13244	-764	-4462	-15125	1138
7400	12640	-12	-9276	-8456	850
7736	17188	1720	-17135	-8612	-3292
9604	14444	1352	-8905	-8284	-3278
12988	12772	-2068	-8823	-2356	-12826
7732	9992	-8	-6037	-7152	-5062
7692	14332	-512	-222	-7767	690
6152	15724	220	-1306	-9756	-2134
6420	15440	-1476	-4529	-12573	-3685
7484	13288	768	-2385	-11208	-3173
6540	14096	784	-826	-8683	987
6596	16244	408	1423	-3426	-479
6928	14408	16	-1922	-2734	1519
7360	14472	-764	-1832	-3845	2319
7088	15500	1568	-1425	-2977	2957
7420	15620	1756	-2130	-59	439
6688	14284	-1868	-2162	1134	-242
7276	14672	24	-1720	725	794
6612	15496	-88	-2451	1301	237
6680	15164	432	-1846	-447	-174
7376	14948	524	-1942	-204	-123
7176	15604	564	-1145	1573	-363
7728	16360	640	-1077	274	-678
6960	14580	-56	-1983	465	-1081
6868	14812	780	-1683	1374	-1027
6344	15236	956	-2880	987	-1096
6424	14564	92	-2105	360	-771
6620	15204	1404	-1477	368	-785
6252	15240	964	-103	-1039	-754
5968	14992	604	-65	-382	-512
6700	15388	1208	-207	-84	-215
6256	15120	692	-1505	-168	-129
6284	14968	764	-1279	-741	392
5864	15104	460	-811	-639	584
6136	15896	1932	-1206	175	764
6048	14984	1024	-656	-40	697
6004	15016	728	-519	29	862
5920	14740	500	-213	-264	1151
6016	15392	688	-150	-54	971
5964	15328	852	-176	-419	635
6220	15632	968	-84	236	564
5980	14996	1172	-437	227	217
6128	15308	884	-885	756	200
6324	15276	640	-1028	928	363
6180	15320	1056	-441	342	702
6520	14772	752	-67	117	695
6652	14948	1020	-17	439	793
6808	15212	1064	91	-149	838
6592	15360	772	-30	-119	579
6468	15348	1060	-250	7	433
6340	15372	608	-589	73	401
6936	14832	1256	-448	159	726
6472	15312	496	-1564	445	274
6600	15264	564	-437	-353	6
11312	14784	3212	262	1043	-704
5432	15824	-408	264	2044	-621
6828	14576	936	11	474	-324
6744	14960	596	-1573	732	354
6804	15116	1348	-1739	1624	322
6252	14576	1296	-2106	898	-547
6660	14976	1392	-469	790	-602
6660	14936	1040	258	-175	-816
6852	15104	1792	73	724	-355
8496	15920	-6908	1042	1746	-133
5808	16124	1168	2463	940	11
6056	15004	-272	1319	686	-344
6252	15576	1164	-832	266	110
6488	15424	1840	-4390	259	1165
6712	15296	1792	-5690	2316	-614
6420	15272	700	-2368	2812	-637
6804	12912	728	2003	1418	361
6764	14992	3032	-996	2376	-6
6268	15432	2180	-1336	2648	-264
4232	15420	-424	1802	3152	-1555
5588	14880	728	478	1003	-982
5304	17256	3076	-870	827	-18
2628	18128	4232	-1723	-474	1674
5956	15036	1052	-419	-863	-162
6124	15780	1548	-719	-751	-888
4416	14620	-428	-344	-2358	-127
6132	15160	1316	611	-1805	-44
5824	15200	2304	303	-1365	421
